step,system_total_stopped,system_total_waiting_time,system_mean_waiting_time,system_mean_speed,2713455438_stopped,2713455438_accumulated_waiting_time,2713455438_average_speed,370205755_stopped,370205755_accumulated_waiting_time,370205755_average_speed,cluster_2713455439_370205651_370205726_stopped,cluster_2713455439_370205651_370205726_accumulated_waiting_time,cluster_2713455439_370205651_370205726_average_speed,cluster_2713455440_370205753_370205754_stopped,cluster_2713455440_370205753_370205754_accumulated_waiting_time,cluster_2713455440_370205753_370205754_average_speed,cluster_2713455441_492430579_492643882_stopped,cluster_2713455441_492430579_492643882_accumulated_waiting_time,cluster_2713455441_492430579_492643882_average_speed,cluster_370205730_370205735_5216485104_5216485107_#2more_stopped,cluster_370205730_370205735_5216485104_5216485107_#2more_accumulated_waiting_time,cluster_370205730_370205735_5216485104_5216485107_#2more_average_speed,cluster_4150407559_4150407560_491542284_492430582_#1more_stopped,cluster_4150407559_4150407560_491542284_492430582_#1more_accumulated_waiting_time,cluster_4150407559_4150407560_491542284_492430582_#1more_average_speed,joinedS_492643878_492643880_stopped,joinedS_492643878_492643880_accumulated_waiting_time,joinedS_492643878_492643880_average_speed,joinedS_492643897_541338683_stopped,joinedS_492643897_541338683_accumulated_waiting_time,joinedS_492643897_541338683_average_speed,agents_total_stopped,agents_total_accumulated_waiting_time
5.0,0,0.0,0.0,13.809970858944126,0,0.0,1.0,0,0.0,1.0,0,0.0,1.0,0,0.0,1.0,0,0.0,0.91387870687825,0,0.0,1.0,0,0.0,1.0,0,0.0,0.9639253107566639,0,0.0,1.0,0,0.0
10.0,0,0.0,0.0,12.360137929713078,0,0.0,1.0,0,0.0,0.9918273058091778,0,0.0,0.9047517802971031,0,0.0,1.0,0,0.0,0.9708192708662079,0,0.0,1.0,0,0.0,1.0,0,0.0,0.9473483611043537,0,0.0,1.0,0,0.0
15.0,0,0.0,0.0,11.853893093874436,0,0.0,0.44004702966350784,0,0.0,0.9572761001387868,0,0.0,0.8786925797063905,0,0.0,1.0,0,0.0,0.9055836955348218,0,0.0,0.9279406526663724,0,0.0,1.0,0,0.0,0.6343956146900145,0,0.0,1.0,0,0.0
20.0,1,4.0,0.17391304347826086,9.525198733331017,0,0.0,0.7351526706004708,0,0.0,0.541684554699837,0,0.0,0.9618486294731665,0,0.0,0.91387870687825,0,0.0,1.0,0,0.0,0.9755839210039755,0,0.0,0.9771660912021657,1,4.0,0.41971233773552746,0,0.0,0.6695420990930298,1,4.0
25.0,3,13.0,0.4482758620689655,9.618179015751169,1,1.0,0.0012543769086326984,0,0.0,0.9218676644163326,0,0.0,0.9375772590380231,0,0.0,0.9708192708662079,0,0.0,0.748430398104395,0,0.0,1.0,0,0.0,0.5362514664081638,2,12.0,0.43102979499448085,0,0.0,0.8966104211760055,3,13.0
30.0,3,28.0,0.8235294117647058,10.696992365987128,1,6.0,0.0,0,0.0,1.0,0,0.0,0.9616069580068056,0,0.0,1.0,0,0.0,0.9828565526100074,0,0.0,1.0,0,0.0,0.7965327822865226,2,22.0,0.5993590759514643,0,0.0,0.9486201853618261,3,28.0
35.0,3,15.0,0.375,9.69866480147238,1,11.0,0.0,0,0.0,1.0,0,0.0,0.931158186960181,0,0.0,0.33805457222881746,0,0.0,0.9239492381253699,0,0.0,1.0,0,0.0,0.4624921221219377,0,0.0,0.697536580667916,1,2.0,0.6234090998069011,2,13.0
40.0,4,30.0,0.6666666666666666,9.03518329944926,1,16.0,0.0,0,0.0,1.0,0,0.0,0.956196166253742,2,7.0,0.010703754976025291,0,4.0,0.2726279578701856,0,0.0,1.0,0,0.0,0.162059035876326,0,0.0,0.6311533326200144,1,11.0,0.512940565978798,4,38.0
45.0,10,70.0,1.4,8.868870111367977,1,21.0,0.47599475152113785,0,0.0,1.0,0,0.0,0.9389666253152289,3,21.0,1.1286647623153494e-05,1,4.0,0.52820296944473,0,0.0,1.0,1,4.0,0.4753341627511654,0,0.0,0.22580117769340738,3,23.0,0.48899152539565083,9,73.0
50.0,8,85.0,1.5454545454545454,8.99757408504724,1,26.0,0.008941584982672428,0,0.0,1.0,0,0.0,0.907140155918063,3,36.0,0.0,0,0.0,0.9103281369028098,0,0.0,1.0,1,5.0,0.0,0,0.0,1.0,1,11.0,0.7435571314388347,6,78.0
55.0,8,102.0,1.7,9.11076552559028,2,35.0,0.09267036972523733,0,1.0,0.9603937606650896,1,1.0,0.4775399767613357,3,55.0,0.18977207511138858,0,0.0,0.72521448264536,0,0.0,0.977457225078698,1,10.0,0.5582194843100923,0,4.0,0.9714615124666606,1,17.0,0.2664689109552287,8,123.0
60.0,12,157.0,2.378787878787879,9.235362800501376,2,45.0,0.25961877621574614,0,1.0,0.9245207089632274,1,6.0,0.6368494425330153,3,70.0,0.35928777353967867,1,5.0,0.612116811483871,0,0.0,0.9603234270289536,2,18.0,0.37921919665147785,0,0.0,0.84847939994281,3,26.0,0.40070837872083936,12,171.0
65.0,10,191.0,2.6527777777777777,8.565249213083938,2,55.0,0.17676865485573434,0,1.0,0.9647202712829295,1,11.0,0.6355344270951911,3,85.0,0.5219066004554461,0,0.0,1.0,0,0.0,1.0,3,31.0,0.341748005257523,0,0.0,0.9613031179195767,1,21.0,0.5902511437431464,10,204.0
70.0,10,175.0,2.2435897435897436,8.834109805847593,4,71.0,0.19873751069755707,0,1.0,0.9210194370428239,0,0.0,0.9299195929922632,5,110.0,0.3872065931964094,0,0.0,0.9847929988469537,0,0.0,0.3149076606279008,0,0.0,0.8790224297249251,0,4.0,0.7076083664991799,1,14.0,0.5029151879877848,10,200.0
75.0,15,240.0,2.926829268292683,9.159614713068816,4,91.0,0.21098452596419878,0,1.0,0.9644557614499514,0,0.0,0.9172878483266742,6,136.0,0.23827935676508075,0,0.0,0.9925438708408518,0,0.0,0.8146456533362753,0,0.0,0.7889657265691239,3,14.0,0.4427162487996147,2,19.0,0.5108408592944752,15,261.0
80.0,15,209.0,2.4302325581395348,8.28689290318615,5,114.0,0.15853564646374374,0,1.0,0.9364549899132455,0,8.0,0.9581862095798671,4,79.0,0.09681034113753068,0,0.0,0.9666931871612778,0,0.0,0.8928167316732285,1,2.0,0.49667254697283686,3,24.0,0.4681574279016289,1,1.0,0.5877077101567595,14,229.0
85.0,12,191.0,2.1222222222222222,8.230909246106384,5,141.0,0.26741349552568183,0,8.0,0.9249480069664818,0,8.0,0.6784998994592923,2,37.0,0.2112424656030927,0,0.0,0.8926211306660367,0,0.0,1.0,1,2.0,0.374508866225454,3,39.0,0.2025669148914253,1,6.0,0.6232747038511092,12,241.0
90.0,19,271.0,2.8526315789473684,8.067618858100536,5,166.0,0.16193556111333937,1,10.0,0.6932669448339647,2,12.0,0.24285228199500875,2,23.0,0.4650912940267619,1,2.0,0.6402721134446409,0,0.0,1.0,2,12.0,0.23318001956494314,4,59.0,0.31896867756466385,1,15.0,0.7068664103002473,18,299.0
95.0,21,330.0,3.267326732673267,8.052318024285327,5,189.0,0.2578049193874891,1,15.0,0.7752081226903732,3,26.0,0.46410012617618707,0,4.0,0.6110404845057253,0,0.0,0.9586023666296178,0,0.0,1.0,5,32.0,0.23089847074660955,4,79.0,0.4038896014759346,2,2.0,0.6126072655638709,20,347.0
100.0,19,382.0,3.638095238095238,7.939115764019975,5,214.0,0.3552236617722183,1,20.0,0.7356326779230541,2,24.0,0.46022979697338284,1,9.0,0.6346518767429563,0,0.0,0.7175917449500833,0,0.0,1.0,2,24.0,0.252093811216072,4,99.0,0.448709674742054,3,17.0,0.3939388808071179,18,407.0
105.0,18,422.0,3.8363636363636364,8.403772786811151,5,247.0,0.41815888725368405,1,25.0,0.6974850192838439,0,10.0,0.6249471379438559,1,10.0,0.6038148977253243,1,2.0,0.3977496060814274,0,0.0,0.8886606569120563,0,4.0,0.8382660248873275,5,121.0,0.37600808658025714,3,36.0,0.2971120782629977,16,455.0
110.0,18,474.0,4.1946902654867255,8.721558046676627,6,275.0,0.3528017699500142,1,30.0,0.6880350316712003,0,4.0,0.9552548938896559,1,15.0,0.4785897058117533,0,0.0,0.958277783807437,0,0.0,0.8506173336199037,1,5.0,0.7484776042037943,4,139.0,0.3298082052499531,2,17.0,0.4852685027118449,15,485.0
115.0,16,388.0,3.373913043478261,8.489800286757609,4,150.0,0.40673914068761846,1,39.0,0.4470186406816879,0,4.0,0.7760739480928335,1,20.0,0.5807334487702973,0,0.0,0.9531073355687468,0,0.0,0.44602648833072306,0,0.0,0.6301610946604483,7,171.0,0.3197538112496731,0,4.0,0.6592050591792136,13,388.0
120.0,23,316.0,2.700854700854701,8.042346485089734,2,63.0,0.1493989846393499,3,52.0,0.3972977192148141,2,10.0,0.7554829245975557,2,12.0,0.5491350398447024,0,0.0,0.6778314913948743,0,0.0,0.8786762724195448,2,4.0,0.25184544909081924,8,215.0,0.3823619572210597,0,4.0,0.8192682233830085,19,360.0
125.0,25,413.0,3.3852459016393444,7.875841515490117,3,25.0,0.1869354474876567,4,70.0,0.280295355644292,2,24.0,0.7621512177514278,0,10.0,0.8481151155287698,0,0.0,0.9346011890145889,0,0.0,0.973421219531457,3,26.0,0.29699978753433437,7,240.0,0.3270251399441806,2,4.0,0.3705081929490574,21,399.0
130.0,26,405.0,3.188976377952756,7.464702330350794,3,23.0,0.24051479594896338,4,90.0,0.3045255101927615,1,16.0,0.7891593365934187,1,13.0,0.5679258080689982,0,4.0,0.46466332714825853,0,0.0,1.0,6,51.0,0.33658381526692,7,261.0,0.2642369154494016,3,18.0,0.20191057045063823,25,476.0
135.0,22,416.0,3.25,7.607625387364621,3,37.0,0.24334503718195913,2,40.0,0.4368115372961079,0,4.0,0.8325765751061827,1,7.0,0.6705796105007172,0,0.0,0.6242679488371295,0,0.0,1.0,3,37.0,0.4313534678353218,7,267.0,0.24518373094147497,4,38.0,0.10806876438353867,20,430.0
140.0,15,354.0,2.6818181818181817,8.512482517087182,4,56.0,0.3282366057009412,0,4.0,0.8687261771125802,1,8.0,0.8267850906832965,0,0.0,0.9581900751642253,0,4.0,0.8443922054096374,0,0.0,0.9791642844044488,1,57.0,0.3279214625736994,7,283.0,0.1484843290619404,1,10.0,0.618050391345938,14,422.0
145.0,20,431.0,3.145985401459854,9.267860329325146,4,72.0,0.2903389466871794,0,12.0,0.8949508824259069,1,2.0,0.849363921033779,0,0.0,0.6919015488535187,0,8.0,0.8520295070668137,0,0.0,0.9663957384866119,4,57.0,0.2870148072018222,9,326.0,0.16437591534682097,0,0.0,0.8700704587711602,18,477.0
150.0,25,527.0,3.6597222222222223,8.956508590784305,6,98.0,0.14431523363608265,0,12.0,0.6471496910350121,1,4.0,0.6926103146159897,2,7.0,0.46537804911996,0,11.0,0.7591680413596339,0,0.0,0.6873119114018972,4,67.0,0.3996147879398639,10,372.0,0.20181034997963487,0,0.0,0.9117662101053856,23,571.0
155.0,28,549.0,3.7094594594594597,8.808487726240418,5,87.0,0.25200256961740014,2,20.0,0.559086075775553,3,17.0,0.6419283314200316,2,21.0,0.6675748748750485,1,8.0,0.7826867346703925,0,0.0,0.7854485783808023,1,39.0,0.5044537231558756,9,409.0,0.3379109150999277,2,3.0,0.6710093579594804,25,604.0
160.0,27,641.0,4.245033112582782,8.420078809201367,4,110.0,0.3093965423659403,2,27.0,0.5663728384169613,3,20.0,0.48171119979378496,3,53.0,0.6626911835426733,0,11.0,0.4174881365787275,0,20.0,0.9575526933076447,2,42.0,0.5138957188034529,8,443.0,0.2788796751862375,2,13.0,0.5873668172028987,24,739.0
165.0,33,735.0,4.8355263157894735,8.089655020643397,4,122.0,0.4438586169450351,2,33.0,0.6209250529925886,0,15.0,0.7125966005655904,4,88.0,0.5101678112775051,3,19.0,0.338715981872127,0,20.0,0.9762712716888803,1,17.0,0.5517704608286859,9,485.0,0.2561905384694642,4,28.0,0.0004962641608830975,27,827.0
170.0,28,798.0,5.32,8.882931117536518,5,148.0,0.46906495878663795,2,43.0,0.3723024278541256,0,4.0,0.9462695133016202,4,97.0,0.4402988874299514,3,27.0,0.39741542325325624,0,0.0,0.9903053644202141,1,10.0,0.8176794808369011,10,525.0,0.19576997525779774,2,15.0,0.48324458141294435,27,869.0
175.0,28,895.0,5.774193548387097,8.567498579723143,5,175.0,0.35174745457007484,4,61.0,0.15464540779280223,0,0.0,0.9637679299643647,4,109.0,0.49828606079784377,1,22.0,0.388509758978426,0,0.0,0.991652485490425,1,15.0,0.6585442770781411,10,572.0,0.23973660096532723,0,18.0,0.7810905355070498,25,972.0
180.0,33,1007.0,6.496774193548387,8.339967685495761,8,209.0,0.16032864014163223,5,85.0,0.2734242910577306,1,1.0,0.6119646495790453,4,112.0,0.5691160692074309,1,13.0,0.5973252234339093,0,0.0,0.9838327935963337,2,9.0,0.3551790422306557,12,631.0,0.31727157621240965,0,0.0,0.6486516727274765,33,1060.0
185.0,40,946.0,6.348993288590604,7.887972763728594,9,242.0,0.059986580601180436,5,110.0,0.275824804169034,3,11.0,0.4744021847827778,5,134.0,0.5246304049384326,0,5.0,0.9427474411743971,0,0.0,1.0,6,24.0,0.35724891668005,10,464.0,0.35578294639003843,1,1.0,0.6069789624791855,39,991.0
190.0,34,543.0,3.5723684210526314,7.524691241475966,8,284.0,0.22017056147770042,5,135.0,0.2041812464479944,1,8.0,0.7567257527956057,6,49.0,0.2872048264745125,0,5.0,0.7237512510724281,0,0.0,1.0,8,59.0,0.254808786938396,2,274.0,0.4276674590313223,1,6.0,0.34332263704959853,31,820.0
195.0,32,596.0,3.8205128205128207,7.588846187113434,8,310.0,0.25869506796315567,6,161.0,0.13231728490148395,0,2.0,0.9224867798539707,5,62.0,0.321992791945268,1,19.0,0.4590583260242728,0,0.0,1.0,4,46.0,0.3242656370610955,4,66.0,0.29445045287056243,2,16.0,0.44067309554635814,30,682.0
200.0,32,662.0,4.189873417721519,7.898218055674696,7,337.0,0.40801584339419456,6,191.0,0.18376926109715064,0,0.0,0.8731975088569797,7,81.0,0.24371542806133073,2,17.0,0.6450020442155678,0,0.0,1.0,2,32.0,0.5109957674968622,5,81.0,0.20905279357139675,0,1.0,0.6251040079033727,29,740.0
205.0,29,700.0,4.375,7.937805825506629,6,369.0,0.1827825454585224,6,225.0,0.21879582286888524,1,9.0,0.6724234859025917,5,57.0,0.38208546948645594,0,12.0,0.7157732336676218,0,16.0,0.7644512976911081,3,19.0,0.43141148245438143,5,93.0,0.1755439534545018,1,6.0,0.622657648213287,27,806.0
210.0,35,786.0,4.943396226415095,8.313693036902736,11,414.0,0.2869166193129543,7,259.0,0.2827703559341604,1,14.0,0.5582309642521721,3,53.0,0.32931998929910417,1,8.0,0.7521830937728416,0,0.0,0.8496324497262506,4,17.0,0.19731696151606104,6,120.0,0.27203517883287476,1,14.0,0.5956700810013311,34,899.0
215.0,31,804.0,4.962962962962963,8.158026745122411,9,442.0,0.3446897925563825,7,294.0,0.33898987533578356,4,29.0,0.40113621619178846,3,51.0,0.5876124962236013,1,3.0,0.5904730451067559,0,0.0,0.9740083150593793,2,9.0,0.2699361650470477,4,61.0,0.3043187189496122,0,26.0,0.8546610512201276,30,915.0
220.0,31,910.0,5.548780487804878,8.263523207183207,9,469.0,0.31621313262891004,7,329.0,0.21756372965025975,1,18.0,0.7353334226485725,3,39.0,0.4910564647151727,3,18.0,0.28665408209082294,0,0.0,1.0,2,19.0,0.19046482891879313,3,73.0,0.38923441590989255,1,31.0,0.7667091593940171,29,996.0
225.0,44,1086.0,6.7875,8.19365141576436,10,506.0,0.3004868031457054,7,364.0,0.21136013362011846,0,4.0,0.6416468601135001,4,58.0,0.32207122689200646,7,45.0,0.1890437096956956,0,0.0,1.0,2,29.0,0.15265164451817867,4,90.0,0.3235607258099417,4,44.0,0.6335295910940358,38,1140.0
230.0,43,1239.0,7.554878048780488,7.9206930073844015,10,553.0,0.2234665102248496,8,397.0,0.03948872632421039,1,7.0,0.7752806118235807,4,78.0,0.3849420156650779,6,56.0,0.2174939167340905,0,0.0,1.0,3,47.0,0.44863472056791825,3,103.0,0.25715719264723785,4,46.0,0.29645663527968813,39,1287.0
235.0,40,1288.0,7.950617283950617,7.422764503706719,11,628.0,0.18043817944186155,9,441.0,3.052458093477216e-06,0,4.0,0.9117539620749229,4,99.0,0.49990065242864606,1,44.0,0.124580070389546,0,0.0,0.9248305987780747,2,38.0,0.3658310514733268,5,122.0,0.1591940609874953,5,30.0,0.20114903398202177,37,1406.0
240.0,45,1462.0,9.19496855345912,7.691725220244483,14,691.0,0.1265885981686574,9,486.0,0.0,0,4.0,0.902037977354179,5,117.0,0.49220986022418256,0,25.0,0.3920914032129941,0,0.0,1.0,1,23.0,0.49547956309478236,5,147.0,0.22948066529129857,7,63.0,0.1956737042539198,41,1556.0
245.0,43,1540.0,9.871794871794872,6.986459957626112,12,738.0,0.17641398453520263,9,531.0,0.0,0,5.0,0.8086993851649434,5,75.0,0.475856315165794,1,26.0,0.48816061194649196,0,0.0,1.0,3,43.0,0.4497655923947236,5,172.0,0.30610330618927784,4,50.0,0.1466237397616375,39,1640.0
250.0,41,1575.0,10.161290322580646,6.950949431283091,11,756.0,0.19612658829626253,9,576.0,0.0,0,8.0,0.8644236314790582,2,31.0,0.4160727038221151,3,41.0,0.49018542269220755,0,0.0,0.9974567395565278,3,39.0,0.3455802240197337,6,210.0,0.46281809796401885,1,53.0,0.3292683765256175,35,1714.0
255.0,50,1781.0,11.490322580645161,6.741968863650345,12,802.0,0.13524554518358958,9,621.0,0.0,0,8.0,0.8797753118737432,7,45.0,0.17594915201868297,4,61.0,0.3647359492137418,0,0.0,0.9785857422715821,2,43.0,0.3496186003149376,6,240.0,0.43673764218776534,3,34.0,0.17723747223880815,43,1854.0
260.0,42,1857.0,11.903846153846153,6.708873295259841,11,856.0,0.08307438975068294,9,666.0,0.09629509733240688,0,11.0,0.8191429547818938,3,26.0,0.28229333238730814,5,59.0,0.41375831069154206,0,0.0,1.0,2,29.0,0.37347751667273776,7,274.0,0.24833480084101975,3,30.0,0.3943614258789033,40,1951.0
265.0,41,1974.0,12.653846153846153,7.281145552927837,13,920.0,0.10520297522569523,9,717.0,0.23458384102691976,1,10.0,0.7472651771495216,0,4.0,0.9054746202898949,0,56.0,0.39719074365012225,0,0.0,0.5729607888204938,2,69.0,0.3858323806092394,12,326.0,0.22923368398052407,0,13.0,0.7153289324492981,37,2115.0
270.0,51,2193.0,13.79245283018868,7.636420830068672,13,985.0,0.11507631568517555,9,766.0,0.27939810466247805,3,15.0,0.6064774628037095,0,8.0,0.9468742533156226,4,29.0,0.3861630025565273,0,0.0,0.9836600437167398,3,81.0,0.5723030382304235,12,386.0,0.24333113349662827,0,26.0,0.9029371939006889,44,2296.0
275.0,52,2381.0,14.343373493975903,7.041399457270555,14,1042.0,0.2112685952702599,9,811.0,0.29036373771539414,5,32.0,0.609372029964944,1,5.0,0.8518019270741382,2,19.0,0.31783553541910364,0,0.0,0.9351069429380676,2,55.0,0.5353408018383995,13,435.0,0.17566072475791378,1,27.0,0.6743579753843482,47,2426.0
280.0,46,2501.0,14.711764705882352,6.869469720066432,13,1106.0,0.1865468259889596,9,856.0,0.2836797399011552,2,21.0,0.635721866558319,1,10.0,0.7542919574986747,1,19.0,0.5229211067658486,0,0.0,1.0,3,68.0,0.3969232773974881,11,475.0,0.12748806945233584,3,71.0,0.5229137906982146,43,2626.0
285.0,55,2710.0,15.755813953488373,7.14761424382837,14,1170.0,0.08596556057732473,9,901.0,0.2743822704693988,3,24.0,0.6198191052251517,2,17.0,0.6329177321871206,1,20.0,0.7273549116865168,0,0.0,1.0,6,121.0,0.37821717294814017,12,527.0,0.04401346723583265,4,105.0,0.5983151699568432,51,2885.0
290.0,54,2821.0,16.497076023391813,7.314160189315458,16,1227.0,0.0003554554129835305,10,943.0,0.20910215437378454,3,32.0,0.679974431470903,2,23.0,0.7222618152077271,1,25.0,0.7922501361448632,0,0.0,1.0,2,73.0,0.5250517137319525,12,582.0,0.11537394538240517,5,89.0,0.2891869992703496,51,2994.0
295.0,50,2958.0,17.0,7.642167797961106,13,1287.0,0.11374148818784147,10,993.0,0.1817482987137108,3,19.0,0.6275634997959126,3,38.0,0.5672261315654124,0,4.0,0.7032311213899581,0,7.0,0.8659456273340153,2,60.0,0.5914158064580912,12,642.0,0.18978485887239882,4,76.0,0.3347686128187597,47,3126.0
300.0,51,3175.0,18.459302325581394,7.471075809351397,13,1343.0,0.10278049490693675,13,1054.0,0.1286039089797997,0,12.0,0.8718346863506328,3,55.0,0.5397738761560993,1,4.0,0.7446885968813681,0,2.0,0.9385804511147103,2,37.0,0.519571839848934,12,706.0,0.3064956166348189,4,46.0,0.2575617882952984,48,3259.0
305.0,49,3327.0,19.01142857142857,7.403622076760608,14,1414.0,0.1528003883812128,13,1119.0,0.17068140108197516,1,11.0,0.7793943077908094,2,58.0,0.6328239603913938,1,9.0,0.7104502981168436,0,0.0,0.5920794878332057,1,3.0,0.25856754037916335,12,766.0,0.2670410590779971,5,30.0,0.276367842061869,49,3410.0
310.0,53,3545.0,20.257142857142856,7.358712140240407,14,1484.0,0.11504869822810997,13,1184.0,0.16106736897884932,1,5.0,0.559729642394281,5,79.0,0.5905913112450465,1,3.0,0.43098953930755224,0,4.0,0.8856772686687537,2,8.0,0.4496615258522111,13,835.0,0.16159694022463172,3,32.0,0.5665966980512177,52,3634.0
315.0,54,3724.0,21.15909090909091,6.945906268000653,15,1555.0,0.10861646446593659,13,1249.0,0.22628805653963782,1,14.0,0.7063717694624906,3,22.0,0.5361171351092524,0,0.0,0.4593700214811568,0,0.0,0.8389378430698429,4,27.0,0.4036604803212631,14,902.0,0.15471148512160302,4,44.0,0.5794035650935346,54,3813.0
320.0,58,3610.0,20.62857142857143,6.453899525066562,15,1630.0,0.08840095091870676,11,979.0,0.17134125847721288,1,15.0,0.5753379186279967,4,43.0,0.39235616195910367,1,5.0,0.5991413835136862,0,0.0,0.9713672480673158,4,31.0,0.4500417835324309,16,974.0,0.05537422461405899,5,43.0,0.39638818599273407,57,3720.0
325.0,50,2847.0,16.362068965517242,6.714377024281993,16,1709.0,0.09248515011764195,3,708.0,0.37833515138703006,0,4.0,0.9544501633205079,8,72.0,0.3419776062518957,0,4.0,0.9100023075787302,0,0.0,1.0,1,27.0,0.48404826291728437,17,1066.0,0.21466403235241646,3,14.0,0.4006643531759439,48,3604.0
330.0,53,3017.0,16.761111111111113,6.981750387686966,17,1790.0,0.07898499967183607,1,198.0,0.6663089263694517,0,6.0,0.9217841251878123,8,71.0,0.27646712523108874,0,0.0,0.8126721166522368,0,0.0,0.9350282214769305,1,27.0,0.5313232428405333,18,1152.0,0.19171470844901004,5,30.0,0.3571937358756121,50,3274.0
335.0,44,3111.0,17.676136363636363,7.025243823974464,15,1855.0,0.06456232884205969,2,99.0,0.37108426904361863,0,6.0,0.6321558622664376,5,82.0,0.32287229906072157,1,6.0,0.592626688980182,0,0.0,0.9384549514440553,1,21.0,0.5169834667375139,17,1234.0,0.16895126544977368,1,11.0,0.5796663050782384,42,3314.0
340.0,52,3327.0,18.58659217877095,7.011756464753385,16,1938.0,0.06559725314093187,6,121.0,0.38006066250008413,0,6.0,0.8976588871665404,5,74.0,0.29693494028549894,0,8.0,0.5437214768709252,0,0.0,1.0,3,26.0,0.34482995950386386,19,1331.0,0.17457135036433763,2,14.0,0.43313004225919965,51,3518.0
345.0,60,3564.0,19.69060773480663,6.835627148368988,18,2020.0,0.050432829241328136,6,151.0,0.4280518184834332,2,8.0,0.6548878479696598,3,53.0,0.26240943322731863,1,6.0,0.5544284268144669,0,0.0,0.96617499201403,5,38.0,0.21818878086592333,20,1428.0,0.13529974003755038,3,25.0,0.5126334157935316,58,3729.0
350.0,61,3791.0,21.662857142857142,6.777409770549863,17,2102.0,0.08718858613826772,6,181.0,0.3093814903055451,2,18.0,0.7123864677682731,6,65.0,0.3238368278699621,1,11.0,0.7030243934248095,0,0.0,0.9159184825243012,4,27.0,0.21583125018756316,22,1532.0,0.05780886711358305,0,5.0,0.5070924465293621,58,3941.0
355.0,62,4043.0,22.84180790960452,6.528252047076758,19,2191.0,0.045678401585977496,6,215.0,0.32099535984962235,0,2.0,0.721651394212849,6,86.0,0.1209840861803437,0,8.0,0.9262020824181691,0,0.0,0.9459088188497993,3,16.0,0.31197680547349044,24,1648.0,0.04920927779523084,1,2.0,0.6497526440318965,59,4168.0
360.0,67,4307.0,24.06145251396648,6.706125001030253,21,2306.0,0.08626545289043554,8,258.0,0.25296956935299375,3,14.0,0.5990723510793206,4,65.0,0.14884797855814136,0,4.0,0.8326680186042321,0,0.0,0.8179887618804008,3,35.0,0.48560675743588266,24,1772.0,0.12490187753022715,1,7.0,0.736151082566594,64,4461.0
365.0,66,4537.0,25.205555555555556,6.2184238223384884,21,2406.0,0.07814851410123677,8,298.0,0.2527694330702684,3,27.0,0.4682000614132145,1,28.0,0.6041162360594821,1,7.0,0.7118584266657385,0,0.0,0.9542571744941231,5,39.0,0.1982131439631572,23,1880.0,0.12655013067955878,0,0.0,0.6969193811657146,62,4685.0
370.0,64,4765.0,26.92090395480226,5.914283934481453,18,2484.0,0.13723722123289026,8,338.0,0.21276694895610374,1,16.0,0.4890990294702859,1,21.0,0.7238366604737525,1,6.0,0.5516051369038066,0,3.0,0.9818296343167819,5,51.0,0.09455234177814195,26,2007.0,0.09562837879555515,2,11.0,0.3958333553248156,62,4937.0
375.0,70,5094.0,28.3,6.317283264550876,20,2557.0,0.11939753470900369,9,383.0,0.2405191230487389,1,13.0,0.612677286974787,1,26.0,0.6747744265291098,1,6.0,0.3207429440473903,0,3.0,0.9640480624681323,5,70.0,0.11481797828203762,27,2138.0,0.07439223578901641,4,29.0,0.45046629719534986,68,5225.0
380.0,71,5366.0,29.483516483516482,6.025920617647502,19,2653.0,0.1563220972879585,9,424.0,0.21895190016431731,1,17.0,0.626377323210222,1,27.0,0.7098079643266215,1,11.0,0.4583755682326757,0,0.0,1.0,6,52.0,0.1409140464213019,28,2269.0,0.03789634495232599,1,12.0,0.4272249093805301,66,5465.0
385.0,71,5644.0,31.01098901098901,6.138178372098396,22,2758.0,0.13905431835897278,10,478.0,0.21963777182223218,1,9.0,0.6199833871102861,1,28.0,0.6352417000068454,0,0.0,0.8731192067924299,0,0.0,0.9533390219868073,1,32.0,0.34895607031591286,28,2409.0,0.05388234998065455,1,9.0,0.6280365651214195,64,5723.0
390.0,77,6009.0,32.65760869565217,6.3834912167584505,23,2872.0,0.03130338079925406,11,532.0,0.19944523996163593,4,34.0,0.5969720521880947,1,33.0,0.5739149354705974,0,0.0,0.9551553764585103,0,0.0,0.9531680689863101,2,29.0,0.5613382837071478,28,2553.0,0.11959794582477826,1,18.0,0.6942445208399948,70,6071.0
395.0,74,5817.0,31.96153846153846,5.935699091743232,23,2969.0,0.038939020966792554,11,587.0,0.20516859874415438,4,54.0,0.5279719637493869,2,40.0,0.3299488748506936,0,0.0,0.5787723401998736,0,0.0,0.951586214288119,1,82.0,0.45315388528649186,28,2299.0,0.13004408185755695,0,8.0,0.9196320945143933,69,6039.0
400.0,71,4705.0,26.13888888888889,5.850069916820527,22,3072.0,0.09722706273063628,12,647.0,0.1845493560055778,5,51.0,0.40101582718637213,2,50.0,0.47413076650385866,0,0.0,0.9301065373621742,0,0.0,0.626970543871951,3,123.0,0.31540293983849726,19,2060.0,0.2021002391014272,0,12.0,0.7952168279295477,63,6015.0
405.0,65,4361.0,24.093922651933703,6.55756194991166,22,3182.0,0.08733345059419693,12,707.0,0.13302977548584138,1,45.0,0.5499095768882275,2,60.0,0.5433895462802644,0,4.0,0.8246004966409878,0,0.0,0.9376296491616993,4,112.0,0.17297284923683853,15,1410.0,0.2563058302911676,1,32.0,0.6814553850679189,57,5552.0
410.0,57,4241.0,22.924324324324324,6.6567696000224075,22,3278.0,0.09325040034303428,12,763.0,0.13339696751726218,0,21.0,0.701150247390339,3,73.0,0.44626117182090064,0,4.0,0.8121531751197166,0,0.0,0.8155070037530443,3,111.0,0.141685665478496,9,1458.0,0.26956114659857405,0,17.0,0.6964455183843234,49,5725.0
415.0,64,4469.0,24.28804347826087,6.381540578055896,21,3376.0,0.1054381692059067,14,830.0,0.06628117657001423,3,25.0,0.36446618632984673,3,88.0,0.5450472267523442,0,4.0,0.940486412531304,0,4.0,0.9257455787006268,2,113.0,0.3657776562567332,12,1514.0,0.2255981339095524,1,5.0,0.6646020856552803,56,5959.0
420.0,77,4750.0,25.675675675675677,6.016596158982874,23,3511.0,0.17463616109321256,14,900.0,0.11408084162645643,6,52.0,0.32220845856649166,4,106.0,0.38787468012136256,0,0.0,0.7338355003841746,0,0.0,0.967137460710774,1,9.0,0.4437318349900723,19,1598.0,0.11792640350523698,2,16.0,0.5518297986719018,69,6192.0
425.0,79,4912.0,26.408602150537636,5.724027493616584,23,3615.0,0.12139481586830536,14,970.0,0.11751337049495966,6,80.0,0.21436268455445062,5,127.0,0.41390639484972314,1,2.0,0.7711057213227307,0,0.0,1.0,2,6.0,0.3727193634354664,25,1658.0,0.03882712335226906,0,4.0,0.748759143784031,76,6462.0
430.0,72,5183.0,27.71657754010695,6.038755350451221,21,3724.0,0.12560237372692012,14,1040.0,0.024544511648422602,4,67.0,0.31770909843513984,5,152.0,0.42940332222227173,0,0.0,0.6816535189856866,0,0.0,0.9706236330944555,2,14.0,0.2860235375345186,26,1770.0,0.10438837873809188,0,8.0,0.6988503194962364,72,6775.0
435.0,78,5498.0,29.24468085106383,6.338130048813876,24,3830.0,0.07291819615413839,15,1114.0,5.619946816609716e-06,0,37.0,0.6278460155930371,6,185.0,0.4876298490675583,1,5.0,0.4980552241020388,0,0.0,0.8521643084150008,3,95.0,0.4458267050174678,27,1893.0,0.037851380350344604,1,13.0,0.6492041343188876,77,7172.0
440.0,78,5688.0,30.095238095238095,5.737217892022363,23,3942.0,0.07434315793733531,15,1189.0,0.0,0,0.0,0.836231936803283,6,54.0,0.3762481253275676,2,12.0,0.3837773014420964,0,0.0,1.0,1,138.0,0.7435896084111228,27,2018.0,0.035424972057576554,0,4.0,0.9183447688356159,74,7357.0
445.0,79,5975.0,32.123655913978496,5.642853420118655,22,4034.0,0.13887211197984828,15,1264.0,0.0,1,3.0,0.7331004669021604,3,48.0,0.43505704301759757,1,15.0,0.5853544520794025,0,0.0,1.0,1,112.0,0.5969391342830485,28,2154.0,5.504568160283046e-05,1,1.0,0.48946663772562304,72,7631.0
450.0,86,6380.0,33.75661375661376,5.772109323465218,22,4124.0,0.07615438232252032,15,1339.0,0.06114797811521439,1,12.0,0.6721929470927933,7,47.0,0.305447584851373,0,7.0,0.80035525900602,0,0.0,1.0,3,134.0,0.40444325818402355,28,2294.0,0.05813959697534563,2,10.0,0.7005501058223209,78,7967.0
455.0,77,6573.0,34.962765957446805,5.6893122117875565,23,4223.0,0.0003513938501951294,15,1414.0,0.15602237024414303,2,21.0,0.5960394611634178,3,28.0,0.48198847992829474,0,7.0,0.9444052522716812,0,0.0,1.0,3,70.0,0.32519370047486623,26,2084.0,0.08883304950359787,0,0.0,0.8400623272083579,72,7847.0
460.0,60,6154.0,32.734042553191486,6.306260002886517,22,4338.0,0.10716881541971449,13,1179.0,0.14712636077026758,1,9.0,0.7477662606149253,1,12.0,0.7491834132160964,0,7.0,0.7998320840286951,0,0.0,1.0,2,53.0,0.2939278187522413,16,1760.0,0.2034366489280773,0,0.0,0.6506398578282773,55,7358.0
465.0,42,4867.0,25.75132275132275,7.17295071804569,22,4444.0,0.07602302111979088,4,810.0,0.255780793813718,0,0.0,0.908415778588056,1,35.0,0.6797160365066919,0,15.0,0.5483945932105055,0,0.0,0.9731068784125789,2,55.0,0.4277530020064332,8,1325.0,0.2979498443006568,4,14.0,0.35118023312875846,41,6698.0
470.0,42,4666.0,24.951871657754012,8.077523943296931,21,4539.0,0.0468024714334496,3,402.0,0.40148058985658963,0,0.0,0.9418785339498177,2,46.0,0.575221969795565,2,17.0,0.6430329260625685,0,0.0,0.8226087114563755,3,57.0,0.5037064447735877,6,1351.0,0.2500718508548555,1,7.0,0.46384506071953413,38,6419.0
475.0,47,4818.0,25.764705882352942,7.9601836691412355,21,4648.0,0.1224537918455896,6,383.0,0.26697072779711706,1,2.0,0.7358144512224675,3,56.0,0.47107547165083125,0,5.0,0.8340962088287783,0,0.0,1.0,0,5.0,0.802312472003254,12,1398.0,0.16922731159248514,1,5.0,0.5517122256256375,44,6502.0
480.0,61,5055.0,26.746031746031747,6.967177320967956,22,4764.0,0.0470466936571916,6,405.0,0.37004443262115144,4,17.0,0.5923328898379254,3,52.0,0.2703826326295549,0,1.0,0.8055089719504692,0,8.0,0.96063327584677,1,4.0,0.5326745678622645,19,1482.0,0.04765734885434146,2,16.0,0.3609781988151352,57,6749.0
485.0,65,5311.0,28.25,7.201954635179457,22,4857.0,0.024206133289842086,6,420.0,0.41875525947809794,5,44.0,0.6037966952166377,3,67.0,0.49611275428762125,0,0.0,0.7938032168570518,0,0.0,0.9116018005257274,2,12.0,0.5309891831295657,24,1557.0,0.050253534008657896,0,4.0,0.8542236206847325,62,6961.0
490.0,59,5467.0,29.71195652173913,7.020843964864399,21,4964.0,0.037929507813916324,7,454.0,0.3891415479504077,2,23.0,0.6902099306020589,3,82.0,0.6862968464345697,1,5.0,0.42469666129357225,0,0.0,0.9922097859299327,1,4.0,0.46834411975405116,21,1645.0,0.16431818632561168,1,7.0,0.7077692661090812,57,7184.0
495.0,64,5732.0,31.3224043715847,6.810373207402434,21,5056.0,0.055491023684856526,7,489.0,0.22971493736669085,0,4.0,0.8684411466119966,3,97.0,0.719061442566823,4,19.0,0.2565825622109833,0,0.0,1.0,3,63.0,0.34720926858477724,23,1730.0,0.14163473980793095,3,16.0,0.47725709940166366,64,7474.0
500.0,73,6064.0,33.13661202185792,6.619170977176506,21,5161.0,0.05708730825248794,8,528.0,0.09933486394838688,1,5.0,0.655774787509749,3,112.0,0.6269368022737395,6,45.0,0.41960371019425685,0,0.0,1.0,6,79.0,0.4435152261123514,25,1851.0,0.12718155306395945,1,6.0,0.598898684957568,71,7787.0
505.0,73,6382.0,34.87431693989071,6.506406050707343,21,5266.0,0.0691885813663251,9,569.0,0.04659206153696242,1,7.0,0.7931341864840799,4,130.0,0.4942817287241985,6,60.0,0.3928722181091867,0,0.0,1.0,3,60.0,0.5997092686608823,26,1981.0,0.11620420103004543,1,8.0,0.5898649529334307,71,8081.0
510.0,69,6604.0,35.891304347826086,6.296994933297276,22,5373.0,0.043016629568263284,10,617.0,0.1465116730919367,0,4.0,0.7003015723375954,4,154.0,0.40819840889375486,2,61.0,0.2953078589339445,0,0.0,0.5602857140254632,1,59.0,0.5744078542187263,26,2111.0,0.048945715070174464,1,12.0,0.5809906336569355,66,8391.0
515.0,73,6919.0,37.19892473118279,5.982495817452321,21,5476.0,0.04396426896622907,10,667.0,0.1616318879004245,3,22.0,0.5095025658761846,4,174.0,0.5397072763822621,1,25.0,0.42609255114818595,0,0.0,0.9662636936385358,3,87.0,0.33610872618586374,26,2229.0,0.0011256380516757021,1,4.0,0.4564224144820854,69,8684.0
520.0,71,7218.0,38.19047619047619,6.218648279832708,21,5585.0,0.11043448140489825,10,717.0,0.1602124021731682,1,9.0,0.13679987212189293,5,193.0,0.5370249362253054,1,24.0,0.42711928688402945,0,0.0,0.9406924420340115,2,112.0,0.24671140945411776,26,2359.0,0.06431002829949987,2,22.0,0.7035223290221716,68,9021.0
525.0,83,7593.0,39.753926701570684,6.200942497381489,21,5690.0,0.15455592327644652,10,767.0,0.21909805601276394,1,8.0,1.0115091329447045e-05,6,215.0,0.32703250226582675,4,36.0,0.34373216213286767,0,0.0,0.9981392024411171,5,93.0,0.31385205498831986,26,2489.0,0.06785838628510786,2,32.0,0.5501149513378016,75,9330.0
530.0,83,7753.0,40.805263157894736,5.636171537258181,21,5804.0,0.0931557658050175,10,817.0,0.15931239292143193,1,13.0,0.0,5,55.0,0.47625492975374334,4,56.0,0.2771519811450812,0,0.0,1.0,6,111.0,0.3082026359964004,28,2629.0,0.09420969212120642,1,10.0,0.5915952869080601,76,9495.0
535.0,84,8019.0,41.54922279792746,5.816247166702247,23,5913.0,0.024426054592354952,10,867.0,0.08733242439441638,0,0.0,0.8479355864916875,2,21.0,0.5713810922762851,5,59.0,0.2811448108632901,0,0.0,0.9969908536442121,5,129.0,0.4156781874416373,28,2769.0,0.06327362430350185,3,15.0,0.28830266814008065,76,9773.0
540.0,85,8301.0,43.01036269430052,5.752467620424771,23,6021.0,0.10631716155392125,10,921.0,0.13864181005860704,1,2.0,0.476719438956709,6,48.0,0.4148601601168951,1,47.0,0.4677550464656769,0,0.0,0.9496321430722533,0,91.0,0.5797048039699578,30,2913.0,0.03235380676967786,4,37.0,0.24589871696857937,75,10080.0
545.0,77,8468.0,43.204081632653065,6.018855297173001,21,6108.0,0.17993549319861005,11,976.0,0.2088389651042128,1,11.0,0.7102500665713899,2,31.0,0.6757810847097692,1,16.0,0.6726991550983488,0,2.0,0.9360976582968963,2,43.0,0.19674028810828523,28,2674.0,2.471261268891516e-06,5,61.0,0.25866389846787435,71,9922.0
550.0,59,7938.0,40.707692307692305,6.49020259621755,21,6213.0,0.19742633868575574,11,1031.0,0.25428668228253204,0,4.0,0.934243006102903,0,4.0,0.9182769354147379,1,15.0,0.6720697538071412,0,0.0,0.932845060993639,4,59.0,0.20138161895240086,18,2427.0,0.11155399421749758,1,17.0,0.4671824500204732,56,9770.0
555.0,51,7523.0,38.18781725888325,7.760571287584942,23,6324.0,0.16457504335362752,11,1090.0,0.25683786138063797,0,6.0,0.9402335845349373,0,0.0,0.9928417886025871,1,24.0,0.8385725054644076,0,0.0,0.6287305179039354,3,48.0,0.2693137937160594,9,1741.0,0.23612811718945606,1,12.0,0.2736011760029638,48,9245.0
560.0,49,7364.0,37.19191919191919,7.860966657761861,22,6433.0,0.16746004060883113,11,1141.0,0.20012544780204625,0,0.0,0.9452357846153376,0,0.0,0.7108943249497628,1,21.0,0.7709188226862574,0,0.0,1.0,3,49.0,0.22580609608506053,6,1746.0,0.28353205615231714,4,28.0,0.3653682224335447,47,9418.0
565.0,56,7561.0,38.380710659898476,7.289633031323164,22,6536.0,0.10131162394227856,12,1197.0,0.18456981566812497,0,0.0,0.9288519910770568,1,5.0,0.7169976305100476,1,15.0,0.5155570982536942,0,0.0,0.8843197420264858,4,76.0,0.2966730405227197,11,1765.0,0.23484922943158595,3,20.0,0.5404534421511855,54,9614.0
570.0,63,7811.0,39.6497461928934,6.7623314749884305,24,6652.0,0.10470822611730055,12,1257.0,0.15084894863927056,0,0.0,0.5585978077272902,1,14.0,0.6973627855737112,3,17.0,0.3111231480598302,0,0.0,0.6894224571433117,2,66.0,0.4364561300522364,18,1838.0,0.07395213610130692,0,19.0,0.7202787777606426,60,9863.0
575.0,67,7946.0,40.13131313131313,6.509284434301438,23,6767.0,0.10974006287542984,13,1321.0,0.06676456334649333,1,4.0,0.6171242861047949,1,19.0,0.6848968145431276,3,28.0,0.3850151222639249,0,0.0,0.9465974616103788,1,37.0,0.5532553990594036,22,1902.0,0.06068291508720364,1,7.0,0.6244792194763366,65,10085.0
580.0,66,8229.0,42.41752577319588,6.771463586848743,25,6878.0,0.06745614332614035,13,1382.0,0.12454525516007355,0,6.0,0.9442544420715056,2,28.0,0.7286874457439343,1,27.0,0.40978889526030127,0,4.0,0.9815518339300204,1,15.0,0.7043626546540871,22,2012.0,0.08126172505357249,2,7.0,0.4244436034490791,66,10359.0
585.0,76,8563.0,43.46700507614213,6.82404582575569,26,6999.0,0.04805656020121363,14,1450.0,0.06196480595390827,0,8.0,0.7720485107224117,2,34.0,0.3841455488829232,2,18.0,0.5731360491027068,0,4.0,0.9416483943844937,2,8.0,0.6101531198574788,22,2125.0,0.09018949094671248,4,25.0,0.39845119832594467,72,10671.0
590.0,79,8927.0,46.25388601036269,6.549368524269638,25,7110.0,0.0016460519087186701,14,1520.0,0.0,1,8.0,0.781968579946493,3,57.0,0.4990230845490606,2,28.0,0.6525952036822729,0,0.0,1.0,2,18.0,0.3797463274260227,23,2229.0,0.07658593247091151,5,48.0,0.2632763334299188,75,11018.0
595.0,72,9182.0,47.822916666666664,6.330631074898121,21,7210.0,0.10457014299716622,14,1590.0,0.06624607495347408,0,4.0,0.7830785573418999,4,73.0,0.514872736258854,1,21.0,0.4156793059686928,0,0.0,1.0,3,33.0,0.32687601562421326,24,2348.0,0.039160974331290066,4,39.0,0.2304060468210102,71,11318.0
600.0,73,9441.0,49.42931937172775,6.124373520370501,22,7270.0,0.13076840381804203,14,1660.0,0.044374189746102966,1,7.0,0.7537702659920372,4,93.0,0.5866261360245338,1,12.0,0.3423085579915191,0,0.0,1.0,2,3.0,0.29352152660410774,25,2476.0,0.08743662155962038,0,11.0,0.7276072707757668,69,11532.0
605.0,74,9793.0,49.964285714285715,6.167715754557163,22,7381.0,0.19047249872126698,14,1730.0,0.11510129293870956,1,12.0,0.7862518310226119,4,118.0,0.560186323420331,1,12.0,0.7107552007448336,0,1.0,0.9558885023631363,3,16.0,0.3214152054783662,24,2592.0,0.07817065791672609,0,0.0,0.835164408621973,69,11862.0
610.0,81,10164.0,51.333333333333336,6.090216622763224,23,7491.0,0.09372553169832416,14,1800.0,0.16627585627570168,0,12.0,0.949541042018725,6,142.0,0.48705947624796825,0,4.0,0.7342771431011622,0,60.0,0.8745525209148702,4,36.0,0.31319989049036595,26,2719.0,0.051153440820788994,1,2.0,0.5839195621866707,74,12266.0
615.0,81,10434.0,53.234693877551024,5.762225827541906,25,7616.0,0.1342821636991552,14,1870.0,0.16104056090153857,0,12.0,0.7935450371190398,4,61.0,0.33750277230215125,1,7.0,0.4780788237681998,0,60.0,0.973538621025131,2,29.0,0.6570110648376416,27,2851.0,0.04664144481362463,2,13.0,0.4337360869201072,75,12519.0
620.0,83,10715.0,54.390862944162436,5.596134033573383,25,7725.0,0.10720949293856863,14,1940.0,0.11059179224921398,1,11.0,0.6836618809484337,4,28.0,0.31425486371056394,1,16.0,0.4980098261350547,0,43.0,0.9426859470995931,1,16.0,0.5753535643403019,26,2979.0,0.06258383645543378,4,30.0,0.18748270460343816,76,12788.0
625.0,76,10980.0,56.02040816326531,5.669404804144896,22,7824.0,0.09457315839819123,14,2010.0,0.056978347320233026,0,4.0,0.8569976611039613,5,44.0,0.05996910579134419,0,8.0,0.6519491854319284,0,43.0,0.915354229738932,2,15.0,0.4615055567963675,26,3109.0,0.05798799679529692,1,11.0,0.7208299895698191,70,13068.0
630.0,80,11281.0,57.55612244897959,5.904577302311479,22,7900.0,0.08598270235160278,15,2089.0,0.05842797574610452,0,4.0,0.8621727337485713,3,31.0,0.36084758762931296,1,9.0,0.7240074733608596,0,8.0,0.8868685068692231,3,32.0,0.5897892008979339,28,3251.0,0.045523843411939796,1,6.0,0.722208903633499,73,13330.0
635.0,73,11489.0,58.91794871794872,5.8973132557120325,22,7998.0,0.05053641337224895,16,2169.0,0.10153677888671349,0,4.0,0.9314387844012142,0,13.0,0.8045710493974134,2,12.0,0.5737965224402888,0,16.0,0.7986067538342821,1,9.0,0.6005346107887558,27,3377.0,0.031064288684311617,1,11.0,0.6560788476489463,69,13609.0
640.0,70,11477.0,58.25888324873097,6.268128643965889,24,8115.0,0.023665299269540085,14,1767.0,0.12195415438025675,0,8.0,0.9063686970243989,0,4.0,0.7958854023998102,0,0.0,0.8548909224056891,0,8.0,0.9637446139507599,3,26.0,0.3378918817607835,28,3513.0,0.06339424575188327,0,1.0,0.9381218267161525,69,13442.0
645.0,64,10388.0,52.464646464646464,6.763181152998422,24,8235.0,0.052817719095550324,4,1180.0,0.27347912289067,0,8.0,0.8839057140763474,1,9.0,0.6272397585687352,1,3.0,0.7648053089250327,0,7.0,0.9344417075853421,4,56.0,0.34279576002895973,28,3653.0,0.06296442362710825,0,13.0,0.970747787030137,62,13164.0
650.0,63,10306.0,50.76847290640394,6.768520413864787,23,8342.0,0.09000963808188772,0,509.0,0.6194609152658354,3,15.0,0.5344726943645312,3,23.0,0.611673198952821,1,8.0,0.5352559503705365,0,8.0,0.9406647018941355,2,38.0,0.3975496796983986,28,3341.0,0.06670769957916252,1,15.0,0.7278931400947396,61,12299.0
655.0,52,9623.0,48.35678391959799,6.893048119042808,21,8420.0,0.03136715035677395,2,364.0,0.29841659814048055,1,9.0,0.8061405267601441,5,45.0,0.5630189659151816,1,6.0,0.6856243226564939,0,1.0,0.9685128015868988,1,25.0,0.47438724857539843,18,3007.0,0.13707419731042716,0,4.0,0.4070382813137837,49,11881.0
660.0,53,9182.0,46.14070351758794,7.2082322767715095,23,8534.0,0.057115868231606755,6,386.0,0.006545427270533851,0,8.0,0.8775869021336429,5,66.0,0.2691542849556397,0,4.0,0.8284647214911312,0,1.0,0.9714615746111775,3,23.0,0.15476748967437065,11,2240.0,0.26104717720955123,3,15.0,7.692986538242815e-05,51,11277.0
665.0,51,8897.0,45.392857142857146,7.507581545991202,21,8630.0,0.08950331369746058,8,427.0,0.09801487045742092,0,8.0,0.9124599174801149,6,96.0,0.35896541395760784,1,6.0,0.6567732452057212,0,2.0,0.9578140231607807,3,21.0,0.37644298742823856,5,2120.0,0.3281709702797471,3,31.0,0.39511197451816155,47,11341.0
670.0,48,8993.0,46.355670103092784,7.102147124326914,21,8739.0,0.17843904826740725,8,467.0,0.10245560228346093,0,8.0,0.6706667150395996,5,68.0,0.4224796180490704,0,4.0,0.6556099077329611,0,61.0,0.8279784250214088,0,7.0,0.629098669426066,9,2151.0,0.2888050925802935,0,1.0,0.9109077155563118,43,11506.0
675.0,55,9125.0,47.0360824742268,6.865131240125494,22,8842.0,0.10495019534397877,8,507.0,0.10399329521748128,1,11.0,0.6883549807940532,1,17.0,0.5562134097268223,1,5.0,0.5183542303624011,0,54.0,0.9579654149999607,1,41.0,0.4519752251921629,16,2226.0,0.2532702690734134,0,1.0,0.9294034284606543,50,11704.0
680.0,63,9397.0,49.71957671957672,6.362218327559236,22,8944.0,0.07198178148840696,8,547.0,0.10812388743229229,2,17.0,0.692412696242807,1,14.0,0.5993701582686823,4,19.0,0.40554526351809583,0,3.0,0.6874205525976268,0,11.0,0.6276943613390255,22,2318.0,0.2077085849573483,0,0.0,0.9437284056216912,59,11873.0
685.0,70,9702.0,50.53125,6.121675672526564,21,9046.0,0.03740619723951678,8,587.0,0.10387979565116501,1,14.0,0.6826868779172954,4,24.0,0.30595412931314325,3,16.0,0.47736938091929876,0,13.0,0.962818126967644,1,23.0,0.7781416742636093,26,2439.0,0.11125555041181982,0,4.0,0.9118918609129196,64,12166.0
690.0,75,10004.0,51.04081632653061,6.167599578082711,22,9156.0,0.04095034967512411,9,628.0,0.0008806480995007385,1,13.0,0.8257566762265315,3,23.0,0.460777781622942,2,14.0,0.3755489298131707,0,10.0,0.9487678799813245,3,24.0,0.4108804127587696,28,2576.0,0.022402806195251805,0,8.0,0.7882294090569796,68,12452.0
695.0,77,10334.0,51.92964824120603,6.321766842259263,21,9260.0,0.0908328559688925,9,673.0,0.0,1,18.0,0.7400368671445188,0,8.0,0.6752574863967507,4,18.0,0.4098790428445427,0,0.0,0.9563417745360845,3,25.0,0.5163359771485351,27,2705.0,0.03469734046561692,2,20.0,0.6722391887689969,67,12727.0
700.0,68,10574.0,52.87,6.645430795438816,21,9368.0,0.0849713628570145,9,718.0,0.0,0,9.0,0.8467583942591304,0,4.0,0.7666948876819009,1,1.0,0.7027193007349369,0,0.0,0.999572788106122,3,36.0,0.48272526714577924,26,2828.0,0.08255708695796515,1,20.0,0.8220261281691803,61,12984.0
705.0,72,10864.0,56.0,6.483484186095643,21,9466.0,0.022384587315063674,9,763.0,0.0,1,16.0,0.7123323297346437,2,9.0,0.6361667327431855,0,0.0,0.5643813803892926,0,12.0,0.836367102810271,5,51.0,0.3822523865092823,26,2958.0,0.10870326710728856,1,18.0,0.5950000125552379,65,13293.0
710.0,69,10969.0,56.54123711340206,6.614320016821106,21,9579.0,0.1204772966999138,9,808.0,0.0,3,21.0,0.5629594024041216,1,12.0,0.5541836379655356,2,5.0,0.43845129033503605,0,16.0,0.790740014948514,4,48.0,0.23234879174249962,24,2632.0,0.08155689362381373,4,25.0,0.4280574712151101,68,13146.0
715.0,59,10768.0,54.93877551020408,6.783236887807246,21,9684.0,0.15905523988825349,9,853.0,0.09567992598234128,1,12.0,0.8119887420795701,4,28.0,0.42155625782304834,1,7.0,0.7284904339296854,0,0.0,0.7573116953724788,1,71.0,0.42725893560043504,15,2327.0,0.12452231481150886,4,128.0,0.4969189392735315,56,13110.0
720.0,53,10666.0,54.142131979695435,7.132511312681069,23,9800.0,0.1488320498809827,9,906.0,0.2780744689590151,0,4.0,0.6983685595740893,5,53.0,0.41972818046671906,0,8.0,0.7793789352468123,0,0.0,0.9679247841106181,2,88.0,0.32927459240913465,9,1649.0,0.2541117519802122,0,124.0,0.4333793335971326,48,12632.0
725.0,50,10570.0,54.205128205128204,7.292558701143987,22,9897.0,0.12509988222608254,9,955.0,0.3646894188103983,2,9.0,0.6911310322156368,7,51.0,0.2042507156993665,1,10.0,0.6952307038054985,0,0.0,0.7959561910884903,5,68.0,0.17996417152373037,2,1342.0,0.31870219515602066,2,86.0,0.5310409538801218,50,12418.0
730.0,52,10697.0,55.424870466321245,7.490672865449818,22,9995.0,0.059152151912121066,9,1000.0,0.3532399631810854,1,1.0,0.7432666518881667,3,48.0,0.37547211967056315,1,12.0,0.7669187136200724,0,0.0,0.9630165751184467,2,26.0,0.39184348288341975,8,1368.0,0.29446089930056113,3,93.0,0.35962280366134547,49,12543.0
735.0,58,10932.0,57.23560209424084,7.233175026186122,23,10107.0,0.07700649496645764,9,1045.0,0.40459236072103255,1,3.0,0.5458372658707884,4,42.0,0.4610720975899953,1,13.0,0.5971988845889479,0,0.0,0.962632979115279,1,31.0,0.5202933540025381,12,1419.0,0.14334867758865125,4,121.0,0.42949542951890984,55,12781.0
740.0,68,11192.0,58.596858638743456,6.283970166931864,22,10211.0,0.020201514994172044,9,1090.0,0.40698882216726945,2,20.0,0.6707242291326929,3,40.0,0.3338887586182101,6,33.0,0.3605732129458271,0,0.0,1.0,2,37.0,0.34687221712774075,18,1485.0,0.20081666262542874,5,130.0,0.3416298328151219,67,13046.0
745.0,68,11409.0,60.36507936507937,6.0478746802779675,22,10309.0,0.059577104185647586,9,1135.0,0.35062181685025473,0,16.0,0.7490131875241077,3,38.0,0.4131242669720856,6,51.0,0.3756844773312808,0,0.0,1.0,4,49.0,0.2845762599088702,18,1575.0,0.22289186999652724,5,120.0,0.27323392892199583,67,13293.0
750.0,65,11626.0,61.189473684210526,6.432401650059712,23,10425.0,0.0923037769430435,11,1188.0,0.18767303581340233,3,26.0,0.5465683703286609,2,34.0,0.39001776791750814,0,37.0,0.4404467617658869,0,0.0,1.0,3,63.0,0.5394766479419306,20,1675.0,0.21442993746318398,1,21.0,0.6059590718954776,63,13469.0
755.0,75,11962.0,62.302083333333336,6.5829094117953915,23,10525.0,0.0771485902578662,14,1258.0,0.2757935484603081,5,44.0,0.5189088007628677,7,69.0,0.4122823096553528,1,17.0,0.5597672949660744,0,0.0,1.0,4,61.0,0.19227285814856557,19,1768.0,0.1811833565497799,1,12.0,0.655851445796366,74,13754.0
760.0,70,12032.0,61.702564102564104,6.6713657721852195,21,10629.0,0.07636656390899192,13,934.0,0.19840816515027426,3,33.0,0.6433136277316047,5,67.0,0.5224241290506487,0,9.0,0.679487594123206,0,0.0,1.0,4,74.0,0.17162894020446848,22,1870.0,0.08126641715498385,0,0.0,0.7904889638933548,68,13616.0
765.0,58,11508.0,59.626943005181346,7.050982195095792,21,10730.0,0.05841531342481982,4,629.0,0.3550222496316758,0,24.0,0.7831163146641715,3,46.0,0.5482015625737625,2,23.0,0.7064631586344694,0,0.0,1.0,4,94.0,0.31827511832913596,21,1977.0,0.06547836687792664,0,0.0,0.8373398541420962,55,13523.0
770.0,58,11689.0,61.84656084656085,6.792947691218042,21,10832.0,0.1083420993932735,1,184.0,0.6131199719476419,0,4.0,0.8945236929498411,4,31.0,0.4779457362648488,2,33.0,0.6130245377036306,0,10.0,0.9286322513204806,2,50.0,0.3094800522252358,21,2070.0,0.0004915725132024844,3,6.0,0.36024484658746664,54,13220.0
775.0,63,11867.0,64.14594594594594,5.971940037142468,23,10939.0,0.028179377046453027,3,154.0,0.4528925414754049,0,4.0,0.9359597271662787,4,19.0,0.2540020712706029,2,27.0,0.41233175374312386,0,10.0,0.9874040577463188,2,23.0,0.34409487790986737,22,2180.0,8.796368065527853e-07,1,23.0,0.6316299280573578,57,13379.0
780.0,58,12072.0,65.9672131147541,6.482352402781342,23,11054.0,0.0740585294101799,6,182.0,0.057121471068030526,0,0.0,0.865441151580548,2,15.0,0.5450616545442967,0,14.0,0.4671341187040377,0,0.0,1.0,3,41.0,0.37141545587690505,22,2290.0,0.0,0,23.0,0.8157285915228882,56,13619.0
785.0,61,12322.0,67.33333333333333,6.69612557600719,22,11154.0,0.1443017145072213,10,231.0,0.15764253659572597,0,0.0,0.9491229803127137,2,23.0,0.6604063199553746,1,5.0,0.39466618496517336,0,0.0,0.9248556305024359,2,46.0,0.44903080339031476,21,2385.0,0.0,0,7.0,0.9285988513620534,58,13851.0
790.0,62,12578.0,69.10989010989012,6.568017761827365,21,11275.0,0.21388862887645058,10,281.0,0.15931180795250563,0,5.0,0.966744311807141,2,37.0,0.7123734788717963,2,3.0,0.23329110030961636,0,0.0,0.9270560668350494,2,45.0,0.4279346818920837,21,2490.0,0.04545344537739866,2,23.0,0.6686302525870498,60,14159.0
795.0,68,12889.0,70.81868131868131,6.556438318900574,24,11383.0,0.12871589824403984,10,331.0,0.16022373092214462,0,9.0,0.9418584331596319,2,43.0,0.7089985373949437,1,7.0,0.46331982250878784,0,2.0,0.9350324125349577,3,59.0,0.40839049230747393,22,2597.0,1.5847044739681865e-05,3,40.0,0.6065071273649665,65,14471.0
800.0,68,13190.0,72.87292817679558,6.247550813772235,24,11492.0,0.010440369617336374,10,381.0,0.20163683397708307,0,8.0,0.7418654953671328,2,53.0,0.573272721723211,1,11.0,0.49958665294246457,0,2.0,0.9091935778447944,2,42.0,0.2673938977723999,22,2703.0,0.04260780963426627,4,55.0,0.4308839620214815,65,14747.0
805.0,64,13433.0,76.76,6.346907485032751,21,11598.0,0.13150678313709244,10,431.0,0.23966073714659106,0,4.0,0.5753386940713676,2,67.0,0.6321481473675999,0,0.0,0.9297482057245522,0,0.0,0.9579135837225659,2,44.0,0.4379129834880547,22,2813.0,0.10636750437738585,3,42.0,0.44196444764951615,60,14999.0
810.0,64,13689.0,77.7784090909091,6.440405906694436,22,11678.0,0.10613204671021478,11,485.0,0.20249778896837714,2,16.0,0.6291105478518545,2,73.0,0.39727131407243904,0,0.0,0.49992653667546894,0,0.0,0.9325642718447344,2,39.0,0.40826947710816297,23,2929.0,0.13527172876533422,1,42.0,0.5251150807734866,63,15262.0
815.0,69,13315.0,75.22598870056497,6.2428929310437296,23,11096.0,0.0393129663797059,11,540.0,0.06906322619035309,2,26.0,0.6334110397093101,3,87.0,0.24578484877436527,1,4.0,0.6466325306806474,0,0.0,0.9883684742426575,2,19.0,0.45256929037749394,23,3048.0,0.12712431948898228,2,44.0,0.6291217979724076,67,14864.0
820.0,67,10284.0,57.7752808988764,5.9537860340441044,19,10506.0,0.09130844470662193,12,600.0,0.07375646932809574,1,21.0,0.6731206058336325,3,102.0,0.3833022957777259,0,0.0,0.8029826964391963,0,0.0,0.9716697017507647,3,14.0,0.30239324164376324,23,3159.0,0.11072103979133728,3,46.0,0.5763632621565745,64,14448.0
825.0,67,7604.0,42.24444444444445,6.692880046544911,15,8604.0,0.1559360150749198,11,653.0,0.08109880892266465,0,7.0,0.7973188073250486,3,117.0,0.16048196938700932,0,0.0,0.9519481794658035,0,0.0,0.7791378764227961,4,31.0,0.27199300407475335,25,3287.0,0.11191552082231072,6,71.0,0.5124338710408812,64,12770.0
830.0,68,5535.0,31.271186440677965,5.927178465926639,10,8641.0,0.20103563562010865,13,715.0,1.6289243580032998e-05,0,7.0,0.8847318283376508,4,132.0,0.0,0,0.0,0.024983362378308217,0,0.0,0.9726234580102637,2,26.0,0.35441463909072435,27,2932.0,0.07537751870675716,7,105.0,0.33325354298343074,63,12558.0
835.0,54,2787.0,15.925714285714285,6.071948999608415,9,8686.0,0.3362278626777074,13,780.0,0.0,0,7.0,0.8305509624424962,4,152.0,0.08890575363474798,0,4.0,0.5713683501968728,0,1.0,0.9168526222058029,0,12.0,0.6693048418305712,19,2593.0,0.14126427317690513,7,89.0,0.17768555269809647,52,12324.0
840.0,46,1110.0,6.271186440677966,6.30327238444823,11,8730.0,0.22153683689264825,13,848.0,0.07027063177555566,2,12.0,0.6411517720916099,2,72.0,0.4827674047756543,0,4.0,0.8138958515855593,0,1.0,0.9805448423258498,0,0.0,0.12941568780099502,11,1720.0,0.20840887812863226,3,71.0,0.24915962107090092,42,11458.0
845.0,40,881.0,4.788043478260869,7.124676422157339,14,8759.0,0.11847367211815629,11,679.0,0.08178906130202807,3,23.0,0.6453110356536952,0,9.0,0.7872212874934377,0,4.0,0.7920534292788007,0,0.0,0.6425989651401655,0,0.0,1.0,5,1565.0,0.2775262515312093,4,35.0,0.333625326948922,37,11074.0
850.0,38,358.0,1.914438502673797,7.397857283567291,14,8807.0,0.17297421067372404,1,372.0,0.3094891844406687,2,28.0,0.6545350866549116,0,8.0,0.7923822429780567,0,8.0,0.9043603823676758,0,0.0,0.8439525026138216,0,0.0,0.6187688352576016,8,1591.0,0.22090968427546392,5,35.0,0.3158149158930687,30,10849.0
855.0,50,521.0,2.771276595744681,7.179854339487218,18,8858.0,0.20113270462233274,0,99.0,0.6541232976283615,1,21.0,0.602721887761346,0,4.0,0.5799101441414812,1,13.0,0.6330651311021687,0,0.0,0.9616294354099654,1,13.0,0.6932134340304251,15,1661.0,0.11763034629714847,5,60.0,0.45778113280998217,41,10729.0
860.0,66,738.0,3.967741935483871,6.548478355939671,22,8980.0,0.155771355757022,2,80.0,0.22623955033473922,3,17.0,0.5244514246999874,2,10.0,0.4955399595633445,3,22.0,0.3256630170174345,0,0.0,0.9300303066806614,1,15.0,0.7684288505356244,20,1698.0,0.06286097093415871,5,85.0,0.3489458825057758,58,10907.0
865.0,69,985.0,5.267379679144385,5.989147108904098,23,9092.0,0.1298826090452826,3,93.0,0.21263992356497768,1,6.0,0.8001991085181598,2,16.0,0.5670110298436225,4,28.0,0.2393453179004808,0,0.0,1.0,1,28.0,0.6997073913828472,25,1813.0,0.06629407930369151,4,97.0,0.3371608128799066,63,11173.0
870.0,68,1161.0,6.241935483870968,6.156768039075769,25,9183.0,0.04015991175302034,3,108.0,0.22745016973735874,0,4.0,0.8602743723535028,3,31.0,0.26765737058210115,0,16.0,0.29023375735507495,0,0.0,0.9660311409289278,3,40.0,0.33006992382592226,28,1952.0,0.07990763166135043,3,80.0,0.565040476524029,65,11414.0
875.0,72,1437.0,7.809782608695652,6.265686697381536,25,9295.0,0.03403744232137696,3,123.0,0.22511838164240092,0,4.0,0.8385697075214128,3,47.0,0.6137873770409018,1,10.0,0.5657107692918422,0,0.0,0.994043154745554,2,4.0,0.3183714143557816,29,2093.0,0.06345109926817195,3,90.0,0.556659877752385,66,11666.0
880.0,72,1676.0,9.108695652173912,5.956406349752013,21,9382.0,0.06456679739374264,4,139.0,0.0012981143839985124,0,4.0,0.9171066819838755,4,64.0,0.5571361622518125,1,8.0,0.36102698657488524,0,0.0,0.9393063881644911,0,2.0,0.9227120135090963,29,2239.0,0.054983360736399825,5,76.0,0.22424454676378808,64,11914.0
885.0,76,1988.0,10.745945945945946,6.204167957228106,21,9466.0,0.08651717663787906,4,159.0,0.1865445707682635,0,8.0,0.9570247155040928,6,95.0,0.41375039903946065,2,17.0,0.0,0,1.0,0.9502207040190569,0,2.0,0.5864894902715126,32,2394.0,0.03912485688934986,4,56.0,0.36039973511273443,69,12198.0
890.0,78,2213.0,11.834224598930481,5.903768036186898,22,9576.0,0.11452457566732693,4,179.0,0.19701493593165148,0,11.0,0.867022920667469,4,59.0,0.44217697313846327,2,27.0,0.48225372384967446,0,0.0,0.9272875689760384,0,1.0,0.8830365617131503,31,2165.0,0.03551903957865846,8,69.0,0.1693761920629493,71,12087.0
895.0,66,2002.0,11.122222222222222,6.047342760714879,23,9689.0,0.08264400067345884,4,199.0,0.19559418197147022,1,8.0,0.767411235813291,2,37.0,0.4185267849056939,1,22.0,0.6198317744964255,0,0.0,0.8567766503746228,0,0.0,0.9018204802673006,21,1908.0,0.1382348037581594,6,65.0,0.2917059506965355,58,11928.0
900.0,55,1821.0,9.950819672131148,7.309627140585935,23,9799.0,0.1173987239576779,4,227.0,0.43236611935443703,2,26.0,0.7446857053624271,5,45.0,0.42978750707653435,0,8.0,0.8269155373039171,0,22.0,0.9282218646488962,0,0.0,0.8109385288917572,12,1185.0,0.23125359034989887,0,39.0,0.381942011466554,46,11351.0
905.0,50,1767.0,9.762430939226519,7.098642949007244,23,9901.0,0.1401488032262682,4,252.0,0.4853115393060794,2,32.0,0.7285350369064884,3,42.0,0.49308796292780865,1,10.0,0.7983834643216086,0,22.0,0.9438553025591211,1,1.0,0.46936161546328997,4,1220.0,0.27769320840177425,1,5.0,0.3886518252485235,39,11485.0
910.0,51,1887.0,10.425414364640885,6.728045822657688,21,9999.0,0.10471668111444554,4,272.0,0.5203052608171858,2,24.0,0.6305590195948647,0,15.0,0.640120531695748,0,12.0,0.8804051783481169,0,0.0,1.0,0,0.0,0.5715137906416792,10,1256.0,0.21855363252261614,2,4.0,0.45371527489727603,39,11582.0
915.0,59,1991.0,10.820652173913043,6.4263385411709475,22,10098.0,0.04070225264399691,4,292.0,0.5263597307628246,2,20.0,0.6971295407429301,1,9.0,0.45641450940590045,2,14.0,0.595937910440787,0,0.0,1.0,1,4.0,0.5152558560947641,17,1333.0,0.09546154478607455,2,18.0,0.6624968320480127,51,11788.0
920.0,69,2162.0,11.561497326203208,5.8774206186910805,21,10199.0,0.05985248503023372,4,312.0,0.50993262653779,2,24.0,0.6047203840694783,3,18.0,0.33674520695935745,4,27.0,0.35242380750706626,0,36.0,0.9946707505288809,2,14.0,0.3155267709652374,22,1402.0,0.03706472723763947,2,24.0,0.686575788599114,60,12056.0
925.0,64,2311.0,12.227513227513228,6.122072978345599,21,10304.0,0.1289704757967942,5,333.0,0.2616834523908344,1,11.0,0.7013124481385767,4,32.0,0.2838336852886149,4,18.0,0.18216142437706576,0,36.0,0.9814117168032589,1,41.0,0.518059416036151,26,1514.0,0.048469640016375,1,9.0,0.7446960138687603,63,12298.0
930.0,68,2591.0,13.855614973262032,6.29910988540746,21,10409.0,0.12545501233232467,8,365.0,0.1172322459823848,1,7.0,0.75498943066092,4,60.0,0.40874597617972147,2,18.0,0.3191345084366519,0,16.0,0.9275469527763113,0,83.0,0.7013669961645407,26,1635.0,0.06484218440704226,3,13.0,0.6072333380173668,65,12606.0
935.0,79,2947.0,15.592592592592593,6.151600189730505,22,10515.0,0.0847694862912803,9,408.0,0.09508051613591703,1,8.0,0.8050710545279834,3,68.0,0.48998941518851863,3,30.0,0.42480718727367056,0,1.0,0.9593796199626468,2,57.0,0.6451523974353963,27,1762.0,0.06020261126062164,5,32.0,0.40789802489445026,72,12881.0
940.0,81,3256.0,17.6,5.618077462361764,21,10619.0,0.04524807047920512,9,453.0,0.17459842372718692,0,1.0,0.9176883139337888,5,84.0,0.25369886391367064,0,0.0,0.9590091002601362,0,1.0,0.9455602329164423,4,53.0,0.38363471430914386,27,1897.0,0.027319927106785817,5,26.0,0.311753582096577,71,13134.0
945.0,78,3391.0,18.63186813186813,5.6393699940059365,21,10724.0,0.04493866895187254,7,251.0,0.21381925472284283,0,1.0,0.9584847667708173,6,115.0,0.27406294226286754,0,0.0,0.4787866971581504,0,3.0,0.9502892394977374,3,52.0,0.2931222883593561,29,2048.0,0.08691981495928142,2,30.0,0.532510241453896,68,13224.0
950.0,68,3331.0,17.908602150537636,6.162377161028955,21,10829.0,0.11830852237610494,0,108.0,0.5282441273109497,1,2.0,0.7892504044076293,6,145.0,0.43160330560459825,3,9.0,0.2477828025044918,0,0.0,0.997799132844763,1,24.0,0.6028174224455152,28,1896.0,0.03611275669530974,3,34.0,0.39233588051268625,63,13047.0
955.0,59,3153.0,16.951612903225808,6.843077900185903,21,10934.0,0.15241313367279913,1,19.0,0.5046167566673704,1,14.0,0.8065997095670667,6,167.0,0.490751793981831,2,14.0,0.46693297293375774,0,0.0,0.9319879638747205,2,64.0,0.28937102755437827,20,1649.0,0.10389820094184306,4,40.0,0.31620800060204407,57,12901.0
960.0,42,2863.0,15.310160427807487,7.11686161110782,22,11040.0,0.05039306178047217,1,20.0,0.4880375247906173,0,11.0,0.7375297457990052,4,110.0,0.4970955936842518,0,16.0,0.58191716683867,0,1.0,0.8861986242973099,0,87.0,0.583689000977313,11,1317.0,0.202239573255116,1,36.0,0.49300923375523564,39,12638.0
965.0,41,2677.0,14.315508021390375,7.517339966866554,24,11156.0,0.08080522920205988,1,29.0,0.6169279863433074,3,20.0,0.5890265351341104,3,53.0,0.4744680583160616,1,8.0,0.6546934075309156,0,2.0,0.8640383510124836,1,71.0,0.7383084682957357,4,1351.0,0.241042205679615,1,20.0,0.5355739705948971,38,12710.0
970.0,47,2860.0,15.45945945945946,7.629608204308199,23,11265.0,0.1343008114698891,1,34.0,0.6384569496902063,2,16.0,0.7118446770213921,5,35.0,0.5722705237014066,0,4.0,0.7498868713344817,0,0.0,0.9387412782438459,1,66.0,0.751389999074114,9,1385.0,0.2329232938265799,2,16.0,0.5173823122025467,43,12821.0
975.0,49,3009.0,16.35326086956522,6.619228618354211,21,11370.0,0.1458273863218629,1,39.0,0.625155230204789,1,9.0,0.7278038322937931,3,24.0,0.3390966716790607,0,4.0,0.758345776951987,0,0.0,0.7070336746787024,3,35.0,0.4490132392470737,16,1454.0,0.08888952120513677,0,0.0,0.7971676042886889,45,12935.0
980.0,57,3146.0,17.097826086956523,6.728118536252753,23,11470.0,0.07946399652668616,1,44.0,0.7179269731658308,1,14.0,0.7543525747836832,2,17.0,0.6362082889999588,2,18.0,0.4954081703069352,0,0.0,1.0,2,57.0,0.43819722290550284,23,1526.0,0.12278252827210431,0,0.0,0.6157497000604294,54,13146.0
985.0,64,3414.0,18.25668449197861,6.453580294417411,24,11583.0,0.13230767294255313,1,49.0,0.7023245399174184,1,2.0,0.6732661209216123,3,28.0,0.5308744380561143,7,44.0,0.28593576790150604,0,3.0,0.9588922256870325,1,70.0,0.6247154226628389,23,1636.0,0.10762076105317028,1,5.0,0.5761789625198429,61,13420.0
990.0,67,3698.0,19.46315789473684,6.272089089265842,21,11679.0,0.1521249651338669,1,54.0,0.46718200684019023,2,8.0,0.5919339326455759,4,42.0,0.41474169998612403,7,61.0,0.22619459147518892,0,0.0,1.0,2,66.0,0.4565657843316847,25,1758.0,0.08920107984436365,1,5.0,0.5137258219278446,63,13673.0
995.0,65,3893.0,20.70744680851064,6.639099606635358,21,11775.0,0.08647434705877068,3,65.0,0.00118832159608298,2,18.0,0.6898333263050447,6,76.0,0.3256044099479732,2,57.0,0.1644655365158226,0,1.0,0.9426579843311653,3,67.0,0.5349122360108864,26,1888.0,0.050703712665434275,0,1.0,0.8372020539777921,63,13948.0
1000.0,67,4148.0,22.181818181818183,6.811185866155889,22,11881.0,0.002333160490203021,3,80.0,0.23000652867752655,1,5.0,0.8162604820424663,4,60.0,0.5322967465343389,3,49.0,0.13014922552634606,0,1.0,0.9265569387265551,1,12.0,0.6370008500771018,27,2026.0,0.054557391811014246,0,1.0,0.5861340978651127,61,14115.0
1005.0,69,4410.0,23.58288770053476,6.787548481753055,21,11989.0,0.08341782078620658,3,95.0,0.24396401395759218,1,10.0,0.8413613345759808,2,44.0,0.6046848748040172,3,43.0,0.164961525357052,0,0.0,1.0,3,20.0,0.46025294492087376,29,2167.0,0.03040245874361172,0,1.0,0.6284714094310294,62,14369.0
1010.0,67,4576.0,24.211640211640212,6.823306266718355,22,12090.0,0.07982384208348953,3,112.0,0.24704441171251942,1,15.0,0.8748183692310854,4,53.0,0.4511682910447938,3,48.0,0.47705444953028747,0,0.0,1.0,2,11.0,0.475546760675895,27,2032.0,0.025858581817012907,1,10.0,0.738845869937891,63,14371.0
1015.0,59,4385.0,23.07894736842105,6.391485842493508,21,12196.0,0.11790040043220824,3,127.0,0.23039262282519046,1,5.0,0.8473922145134187,4,48.0,0.42103200047505285,3,67.0,0.5965582184928494,0,0.0,0.9900193323990326,2,16.0,0.4398025194693503,19,1874.0,0.11989727359104646,1,16.0,0.698501401601449,54,14349.0
1020.0,50,4187.0,21.694300518134714,6.954304759149615,21,12299.0,0.11935575966901334,3,142.0,0.242127749325615,1,6.0,0.8373281932179695,3,32.0,0.36817752957201577,3,63.0,0.5249653494019934,0,0.0,0.998721714338756,2,34.0,0.48261742979047584,11,1324.0,0.23682467265298193,3,9.0,0.5838702629255291,47,13909.0
1025.0,46,4086.0,21.392670157068064,6.992593793130069,21,12412.0,0.09973500292080129,3,157.0,0.23750564038684885,2,12.0,0.7256704019157827,3,51.0,0.371769683655934,3,31.0,0.6119810253072825,0,0.0,0.9384386860365265,1,89.0,0.38547079875571894,5,1251.0,0.2429631527971215,2,18.0,0.6057521009475895,40,14021.0
1030.0,55,4308.0,22.092307692307692,7.40364405231329,22,12522.0,0.10662654719417602,3,172.0,0.23616378048100956,1,1.0,0.6840727584695906,3,48.0,0.5684556716220949,6,55.0,0.5041330033990882,0,0.0,0.965534767572362,2,80.0,0.3135736054195596,9,1292.0,0.225439010266862,4,32.0,0.4229827260244512,50,14202.0
1035.0,57,4471.0,22.695431472081218,6.536964133229687,22,12632.0,0.11371808971719256,3,187.0,0.0034711006777998947,1,4.0,0.7835660585666511,3,59.0,0.48674186955156656,4,39.0,0.428134573420846,0,0.0,0.9642716017846387,3,32.0,0.4309278704906061,16,1357.0,0.11107831944778744,4,34.0,0.4230754272051102,56,14344.0
1040.0,62,4624.0,23.353535353535353,6.557755354012213,23,12737.0,0.04390627052442979,4,211.0,0.17586772011178248,1,5.0,0.783551077651507,3,78.0,0.5129728732059847,2,23.0,0.3631052254385119,0,0.0,1.0,2,39.0,0.6429974327163458,21,1383.0,0.12050358179469779,5,41.0,0.44802067977573923,61,14517.0
1045.0,72,4896.0,25.107692307692307,6.474587274411888,23,12847.0,0.1616308341108766,4,231.0,0.31208005996846516,1,2.0,0.6525640327115495,3,93.0,0.5130011264716436,6,37.0,0.19274836186702704,0,6.0,0.9456063868826676,1,54.0,0.7941528715862185,23,1476.0,0.10749994550443683,5,71.0,0.45263690763361836,66,14817.0
1050.0,77,5211.0,26.451776649746193,6.437735350492429,22,12952.0,0.1474884046629178,3,236.0,0.32343523648307576,2,15.0,0.5905163204581791,5,114.0,0.33273496448714496,5,29.0,0.3171514234428141,0,5.0,0.9286440621875821,2,56.0,0.574062473338726,25,1598.0,0.04749306678175514,7,90.0,0.3761451464477488,71,15095.0
1055.0,74,5495.0,28.17948717948718,6.729629524056541,23,13057.0,0.0808059273703005,4,255.0,0.1997112372843554,2,26.0,0.5562141954883261,5,139.0,0.2968251454535997,1,6.0,0.7218487178881299,0,0.0,1.0,4,57.0,0.2739766143105716,25,1727.0,0.09082792393871861,3,78.0,0.5261391390277563,67,15345.0
1060.0,69,5671.0,29.2319587628866,6.3065177309205005,22,13150.0,0.06638730919245558,4,275.0,0.14701670369244135,2,7.0,0.445650790885038,3,65.0,0.44626812351516776,1,11.0,0.7208518335449448,0,0.0,1.0,1,24.0,0.14495970265739827,25,1852.0,0.07347590380386687,5,87.0,0.32752724156521157,63,15471.0
1065.0,77,5910.0,30.463917525773194,6.36818487060357,23,13262.0,0.09289715631196235,5,298.0,6.617509225918508e-05,0,6.0,0.765080975572051,2,13.0,0.5646862431218315,0,6.0,0.6466842631908357,0,0.0,0.9944170121474526,3,20.0,0.33702661779694965,28,1991.0,0.08897055906686763,5,93.0,0.3200876248713986,66,15689.0
1070.0,79,6114.0,31.03553299492386,6.127346957280725,24,13379.0,0.08784623451723872,5,323.0,0.20923478300793993,0,4.0,0.91915049900651,3,28.0,0.5748374235361176,1,10.0,0.7177721037068492,0,0.0,0.9595535305751399,1,13.0,0.7325173372715329,27,1824.0,0.08917426676388138,5,107.0,0.30140849389980134,66,15688.0
1075.0,65,5914.0,30.1734693877551,5.672973060109374,22,13468.0,0.09528416821554984,5,348.0,0.2696501625210856,0,5.0,0.8111829699243133,3,21.0,0.5599657725250459,1,11.0,0.7319065911221333,0,0.0,0.7705026592541286,0,0.0,0.5522905255033818,18,1650.0,0.12191403420304801,7,142.0,0.36124863660110235,56,15645.0
1080.0,55,5744.0,29.456410256410255,6.100106619766638,21,13559.0,0.10559491257102914,5,373.0,0.15995039107987874,2,10.0,0.6927168631977039,0,11.0,0.73304175966186,1,8.0,0.6193312903199938,0,0.0,0.9879475168338331,2,6.0,0.09940145196475915,11,1209.0,0.18059742748716187,5,145.0,0.42893936488355383,47,15321.0
1085.0,50,5692.0,28.603015075376884,7.12192136246361,22,13668.0,0.07514883484280076,5,398.0,0.15568174137978685,3,23.0,0.6796274253485702,0,4.0,0.749039400089951,3,16.0,0.69407126517099,0,0.0,0.9888254608112624,2,30.0,0.19629909741469512,7,1245.0,0.26447516882180094,4,133.0,0.5470787542702732,46,15517.0
1090.0,56,5621.0,28.532994923857867,7.13472707570038,21,12878.0,0.07919072374500141,5,423.0,0.27071904993598644,1,16.0,0.7567489736878618,1,6.0,0.738133827884236,4,35.0,0.602156582272521,0,0.0,0.9454127406439702,0,123.0,0.7220099058876362,12,1291.0,0.22774799902591045,4,152.0,0.47544730182907385,48,14924.0
1095.0,54,4440.0,22.2,6.738590946464186,17,12095.0,0.11372836049075015,5,448.0,0.2648330520837865,1,9.0,0.7003533951278375,1,9.0,0.716154764750065,4,29.0,0.46443540429843433,0,0.0,0.94269652434346,0,137.0,0.78383788487091,18,1366.0,0.17507849265096856,2,75.0,0.4931685411797373,48,14168.0
1100.0,55,3541.0,18.066326530612244,6.610451670298501,14,9599.0,0.22103216834924058,5,473.0,0.26205375475810805,2,19.0,0.7739236141505116,1,10.0,0.0,1,18.0,0.40146535789012217,0,0.0,1.0,1,107.0,0.6630472578467478,22,1235.0,0.17856917267859218,2,50.0,0.41641958358027775,48,11511.0
1105.0,59,2379.0,11.954773869346734,6.208625918700304,11,9662.0,0.2259958115398533,6,499.0,0.2213211857326513,1,7.0,0.8074110612682207,1,15.0,0.5699083016770109,4,28.0,0.06993272587894309,0,0.0,0.9322038181750116,3,50.0,0.34649387496292144,18,1029.0,0.14044911069569577,5,64.0,0.26018191115591727,49,11354.0
1110.0,50,1454.0,7.233830845771144,6.574873170957507,10,9713.0,0.19075001965448055,6,529.0,0.3169607616634329,0,4.0,0.7953814660342382,2,23.0,0.5705233657302196,3,35.0,0.35230901791401364,0,0.0,1.0,2,35.0,0.4248512581416373,17,754.0,0.1794519456776189,4,52.0,0.1476568846829988,44,11145.0
1115.0,37,936.0,4.610837438423645,7.32193615637187,11,9760.0,0.15102801792965212,6,563.0,0.31005135077989654,3,12.0,0.6808765240365401,2,40.0,0.6129020397752288,1,31.0,0.6562095314792384,0,0.0,1.0,1,33.0,0.5609656163994265,6,784.0,0.18280141703749994,0,22.0,0.7227793010880492,30,11245.0
1120.0,44,1066.0,5.251231527093596,7.608876727648426,13,9785.0,0.10548176702415056,7,598.0,0.3843337683251315,0,11.0,0.9461450309864196,2,50.0,0.6719740532058689,1,20.0,0.8037970887997636,0,5.0,0.998438722026298,3,41.0,0.4841865176454541,10,833.0,0.2200133566055304,0,4.0,0.8704428246522395,36,11347.0
1125.0,52,1188.0,5.94,6.643665172943134,14,9827.0,0.08833780486999038,7,633.0,0.3947944466633315,0,8.0,0.8040995994479692,3,65.0,0.5738731104185009,0,5.0,0.6290504355111182,0,7.0,0.9638496390056124,5,49.0,0.35533602546313814,16,890.0,0.16661891487024102,0,4.0,0.9504311373254991,45,11488.0
1130.0,71,1445.0,7.189054726368159,6.317279355767163,19,9874.0,0.1048791667817654,7,668.0,0.33302571077872245,2,11.0,0.580544852081583,5,87.0,0.44824788072215244,3,15.0,0.47754211026413595,0,2.0,0.8885130227483181,6,58.0,0.311433829534403,22,831.0,0.18011244637272147,1,10.0,0.6969997224446657,65,11556.0
1135.0,69,1454.0,7.27,6.269162049726121,22,9958.0,0.05977743689273974,7,703.0,0.26043617830193155,1,11.0,0.40266924535972615,5,42.0,0.2527734760400773,6,43.0,0.35156612629877476,0,0.0,0.9715172636525993,6,75.0,0.325285279000662,16,715.0,0.20091236949933203,2,27.0,0.5892018587306819,65,11574.0
1140.0,62,1450.0,7.28643216080402,6.138636988533834,22,10068.0,0.11901295013562464,8,743.0,0.2863971445428915,3,14.0,0.2254988908269941,3,28.0,0.24206026128871597,6,51.0,0.36945577794461476,0,0.0,0.9878155232597952,4,113.0,0.3576264650507581,11,545.0,0.25192569691122685,0,12.0,0.6270085259211705,57,11574.0
1145.0,56,1543.0,7.676616915422885,6.819130979488739,22,10174.0,0.09015987913393181,9,785.0,0.21679152325635598,4,37.0,0.16897411123012748,4,49.0,0.3904038493397641,4,52.0,0.534016962700914,0,0.0,0.9373882931509361,3,101.0,0.5679601226341114,7,568.0,0.20066734931963084,2,21.0,0.5408812237025064,55,11787.0
1150.0,61,1752.0,8.630541871921181,6.8292189465679405,22,10255.0,0.04238424006999159,10,832.0,0.08486846199153016,1,19.0,0.7809244590483283,3,31.0,0.5964246723121439,2,40.0,0.5410471029632566,0,1.0,0.8555681214499823,4,107.0,0.24134013260859857,14,627.0,0.1353873210666152,3,35.0,0.2374072526951436,59,11947.0
1155.0,66,1961.0,9.756218905472636,6.741661695576406,21,10355.0,0.04277242132050809,11,887.0,0.14307513048378206,0,8.0,0.9360592304807549,1,10.0,0.8144404576230004,1,21.0,0.3977261238321495,0,1.0,0.7619325613837455,5,134.0,0.25487967606590595,21,717.0,0.09648666790375653,3,20.0,0.47787897205581015,63,12153.0
1160.0,62,2045.0,10.073891625615763,6.7741185302441345,21,10464.0,0.042262575003805876,11,946.0,0.2238169152025286,0,4.0,0.8699334488270873,1,20.0,0.6621825589310525,3,33.0,0.18241427260088025,0,4.0,0.9482082827563211,3,125.0,0.4144603513601128,21,652.0,0.14407893610823297,0,4.0,0.7607619402478122,60,12252.0
1165.0,71,2285.0,11.25615763546798,6.935351775757126,21,10574.0,0.12113650774058793,11,1001.0,0.2941660098114212,0,4.0,0.9425363871920114,3,31.0,0.6029921706240352,8,65.0,0.15041005826064532,0,0.0,1.0,3,108.0,0.4751719793950443,18,685.0,0.15993622548878095,1,13.0,0.6991407644417655,65,12481.0
1170.0,73,2595.0,12.975,6.200692358723192,21,10676.0,0.07693819897171965,11,1056.0,0.25433219102047777,0,8.0,0.8642290205118559,3,38.0,0.5404808463112046,8,74.0,0.20156101884699093,0,0.0,1.0,2,136.0,0.3971765463208781,20,762.0,0.10876369691599735,2,16.0,0.6920054225996892,67,12766.0
1175.0,78,2836.0,14.03960396039604,6.359719768069808,22,10782.0,0.10662678689539963,12,1118.0,0.2259149595394404,1,9.0,0.6855602013039706,3,46.0,0.49724242149870895,5,85.0,0.32109421966472784,0,1.0,0.9978313913710131,1,116.0,0.5195406253173146,22,865.0,0.12535896418899298,2,23.0,0.7398264198282398,68,13045.0
1180.0,77,3148.0,15.507389162561577,6.553302082427953,21,10880.0,0.025550150137054282,12,1178.0,0.17610944785029126,3,18.0,0.655960413997026,3,61.0,0.6067607484052223,1,56.0,0.4825095514255466,0,4.0,0.9476341778702337,1,34.0,0.5113836311263283,21,969.0,0.16756101328033998,4,33.0,0.4421758836781067,66,13233.0
1185.0,75,3419.0,17.180904522613066,6.024130084823307,22,10986.0,0.042702878896888584,12,1233.0,0.18169131837612162,2,29.0,0.7071262592738776,3,72.0,0.4650928969861681,1,53.0,0.4394871715125732,0,0.0,0.9748377834281933,2,18.0,0.5243219065680419,23,1081.0,0.06657061782115586,4,17.0,0.014477831443732155,69,13489.0
1190.0,79,3773.0,18.865,6.43970324247496,22,11095.0,0.061834195082529825,13,1290.0,0.1263122565055184,2,35.0,0.6673248425503038,5,97.0,0.5128212624293332,4,67.0,0.3291596291497775,0,0.0,0.8812703031407196,2,14.0,0.4031213289138037,24,1203.0,0.12072494133440902,1,11.0,0.5361151930415716,73,13812.0
1195.0,81,4037.0,20.38888888888889,6.0708868192947865,21,11198.0,0.08358479043596763,13,1356.0,0.1530619738278393,1,22.0,0.6807065537287335,5,122.0,0.4822942874577397,7,99.0,0.14597114651378812,0,12.0,0.9727601324847764,2,34.0,0.4712530734730814,25,1323.0,0.09149639612348442,1,11.0,0.6148602805490937,75,14177.0
1200.0,79,4323.0,21.615,5.984210849568358,21,11307.0,0.15513221244138659,14,1418.0,0.12391761880834423,1,8.0,0.6103648493647116,5,143.0,0.41468893021323827,8,112.0,0.16833489089928969,0,4.0,0.9262053130447103,1,49.0,0.44597183077256514,27,1455.0,0.06417404469328582,0,0.0,0.8260309404256355,77,14496.0
1205.0,80,4521.0,22.833333333333332,6.002310347040382,21,11412.0,0.19942995698754468,15,1485.0,0.0607201475992619,2,14.0,0.6509667571972495,3,40.0,0.2511696045650627,3,112.0,0.4111870489024443,0,0.0,1.0,2,59.0,0.4918437146946127,27,1590.0,0.03857422344686776,1,3.0,0.599668640270159,74,14715.0
1210.0,77,4790.0,24.07035175879397,6.05020057355714,22,11519.0,0.15532866988071634,15,1555.0,0.0,1,5.0,0.7745896902303528,2,30.0,0.6187301792833853,1,58.0,0.48612250189741424,0,0.0,1.0,4,75.0,0.505912542145098,28,1733.0,0.08115176017204791,1,8.0,0.5814555301284002,74,14983.0
1215.0,73,5091.0,25.71212121212121,6.278806498571437,22,11630.0,0.16861086846545087,15,1625.0,0.0,1,5.0,0.6115589860321817,2,23.0,0.7290531632732549,1,47.0,0.4834751447177124,0,4.0,0.9795208189799836,3,41.0,0.4683660327472536,28,1873.0,0.11259018739009592,0,14.0,0.9152407139414553,72,15262.0
1220.0,77,5425.0,27.3989898989899,6.2900531778678195,24,11746.0,0.12456319232118576,15,1695.0,0.0,1,5.0,0.6219782820144363,2,10.0,0.5741898084470041,3,58.0,0.39314135588933086,0,2.0,0.9731379251567687,2,17.0,0.538673562645624,28,2004.0,0.14044933264397258,1,20.0,0.4237111407156216,76,15557.0
1225.0,84,5797.0,29.5765306122449,6.271930687589788,22,11840.0,0.10909325578841912,15,1765.0,0.0,2,14.0,0.5678029753741142,2,14.0,0.5759552709178476,6,82.0,0.3135490666503412,0,0.0,0.9626234640936936,4,33.0,0.2960704039284692,29,2141.0,0.10357050739661493,4,33.0,0.01702497598572789,84,15922.0
1230.0,80,5630.0,28.434343434343436,6.251660085003185,23,11958.0,0.130775792922272,13,1305.0,0.06929116876080751,0,4.0,0.7243316162478479,1,12.0,0.4040640360291678,6,86.0,0.21502124299078743,0,28.0,0.9536681132613758,5,52.0,0.2353899861165858,29,2281.0,0.06317068243888126,3,32.0,1.0197973077565457e-05,80,15758.0
1235.0,65,4625.0,23.358585858585858,6.554908926394287,25,12075.0,0.18328303651268932,3,914.0,0.22440455992420558,2,11.0,0.5085164119755458,3,34.0,0.5068300001423519,2,80.0,0.4833034111256506,0,28.0,0.912843575514529,1,12.0,0.46100949625170135,29,2421.0,0.0533254670148446,0,7.0,0.6411478839969974,65,15582.0
1240.0,69,4785.0,24.166666666666668,6.800007238985398,26,12183.0,0.10614804546806289,1,401.0,0.5422539493055197,4,25.0,0.27985612705968627,4,54.0,0.5011114218738191,1,41.0,0.5682520587589753,0,28.0,0.8871868007504743,1,4.0,0.48131772268257556,31,2565.0,0.08214734729546846,0,0.0,0.819965501202468,68,15301.0
1245.0,72,5056.0,25.535353535353536,6.251578522746439,25,12301.0,0.07711547810897568,3,309.0,0.15902690914268117,1,6.0,0.5946245855515556,4,78.0,0.6160419806896191,1,19.0,0.449496783954967,0,0.0,0.9419570977597694,3,19.0,0.31482190627069073,32,2712.0,0.05394267356072133,0,0.0,0.8269648603630021,69,15444.0
1250.0,81,5212.0,25.930348258706466,5.899862833743271,26,12407.0,0.09370627526238155,6,331.0,0.14026660669490063,0,0.0,0.9017382199187228,4,91.0,0.48694851963373625,4,31.0,0.28492166951015224,0,0.0,0.8708324718846459,4,25.0,0.28096327645185415,30,2565.0,0.05820937623618311,2,3.0,0.34792738888532687,76,15453.0
1255.0,72,4491.0,22.913265306122447,6.392358698594955,26,12503.0,0.09720118311589779,5,315.0,0.17713989642194125,0,0.0,0.9202448382065443,4,108.0,0.4699754436110822,5,60.0,0.17549457645692218,0,0.0,0.9725240714789979,1,13.0,0.4887318736718707,21,2132.0,0.06695596343339115,2,13.0,0.6062587024641664,64,15144.0
1260.0,65,3808.0,19.628865979381445,6.495925977448648,24,12604.0,0.1283900948866538,6,338.0,0.13919015786937966,0,4.0,0.9607329705266348,6,137.0,0.40186205707091616,5,65.0,0.34273700171546234,0,0.0,0.8899856363302922,4,57.0,0.3924985978666441,12,1701.0,0.21148251919361824,1,11.0,0.45649272626289633,58,14917.0
1265.0,53,3446.0,17.762886597938145,6.6781715299118645,25,12712.0,0.04611526975205632,7,364.0,0.0009021184303624011,0,8.0,0.7631664679703458,6,98.0,0.3851642985966971,0,57.0,0.588634084154686,0,0.0,1.0,2,43.0,0.46514832989323485,4,1720.0,0.2739874094297193,1,6.0,0.5457638485183028,45,15008.0
1270.0,58,3533.0,18.305699481865286,6.888948921985589,25,12810.0,0.07308652380936208,8,394.0,1.4067612271980635e-06,1,11.0,0.8333405605189387,3,58.0,0.5857033861380808,0,19.0,0.7460530780784087,0,0.0,1.0,2,35.0,0.4899955514775664,9,1742.0,0.24125522298310878,1,11.0,0.42715061091833584,49,15080.0
1275.0,56,3643.0,18.778350515463917,6.087701406444811,22,12887.0,0.09638608166383177,7,424.0,0.11376439633375186,0,0.0,0.7231895043453807,4,42.0,0.5488577903244902,1,21.0,0.5662820588930852,0,22.0,0.6106827966193695,3,104.0,0.31156976188909935,15,1797.0,0.10047561649981651,1,2.0,0.005723754316627135,53,15299.0
1280.0,71,3880.0,20.0,5.974066599239804,23,12953.0,0.1029275305230236,7,454.0,0.11202454481538833,1,8.0,0.801083962236793,4,40.0,0.4529816028812284,4,34.0,0.3407191720055213,0,19.0,0.8215158009667881,3,101.0,0.3705250887304078,21,1851.0,0.11399572852178902,2,9.0,0.31361879673853893,65,15469.0
1285.0,70,4112.0,21.416666666666668,6.681208367482415,21,13038.0,0.10833911223594095,7,484.0,0.2106132418551929,2,14.0,0.7246485994365773,2,41.0,0.519636435834919,8,76.0,0.38159083153800966,0,0.0,0.9576340296196095,2,26.0,0.6603934731750775,21,1913.0,0.10605205906517011,2,19.0,0.27889853370363293,65,15611.0
1290.0,72,4411.0,22.505102040816325,7.075121532855475,22,13137.0,0.1679810304770231,7,514.0,0.20668600939244347,0,8.0,0.9550265689156086,2,23.0,0.714591558530882,7,84.0,0.42319621852995226,0,1.0,0.9471261776167041,3,30.0,0.40438741130143374,24,2007.0,0.02861815686330858,0,0.0,0.9878495447038763,65,15804.0
1295.0,65,4520.0,23.17948717948718,6.970723058001592,23,13235.0,0.11430382001018109,5,308.0,0.35436520885885764,0,8.0,0.8527204871067009,3,74.0,0.4185254998340068,2,86.0,0.5748905981717589,0,12.0,0.9658163140481721,1,3.0,0.6878766773751376,24,2117.0,0.0,0,9.0,0.7603849818993685,58,15852.0
1300.0,63,4562.0,22.92462311557789,6.892062824455586,24,13317.0,0.07391668800760626,0,194.0,0.5299924901894014,2,12.0,0.7307538381490833,4,101.0,0.5907084133626671,3,54.0,0.46748710979894054,0,23.0,0.9573865385546438,0,0.0,0.5364794458302016,24,2227.0,0.1076315094042729,0,4.0,0.8822246967295045,57,15932.0
1305.0,64,4818.0,24.333333333333332,6.481312174664626,21,13409.0,0.16150390787619393,1,5.0,0.5398035762068226,0,16.0,0.912197778390741,4,155.0,0.5982762064240091,3,52.0,0.31786967257618953,0,23.0,0.9383073436374469,3,10.0,0.36866504308192055,25,2338.0,0.07036528876037867,0,5.0,0.6776201135118958,57,16013.0
1310.0,71,5103.0,25.772727272727273,5.9595232131285965,21,13477.0,0.07259736234692848,0,4.0,0.9223632594406899,1,14.0,0.7135106770222588,4,129.0,0.5661594884137849,5,61.0,0.05227272716104836,0,0.0,0.8576130420515845,3,24.0,0.4405602910298801,25,2453.0,0.0712980698645116,5,17.0,0.20507306808503648,64,16179.0
1315.0,80,5425.0,27.125,6.060874900311089,22,13562.0,0.043774801207705855,0,4.0,0.93990704359094,2,19.0,0.7187738782805922,5,146.0,0.2998588996709148,8,87.0,0.0005204270758314916,0,0.0,1.0,4,31.0,0.4983170916854407,25,2568.0,0.0056736489613215734,6,57.0,0.3800797097373546,72,16474.0
1320.0,72,5600.0,28.14070351758794,6.01991798222278,23,13651.0,0.11221413216762295,0,4.0,0.5323152458164624,1,13.0,0.7495233903468559,6,141.0,0.37962334201513376,6,86.0,0.0910954767343446,0,0.0,0.41383008355384415,4,49.0,0.3292531905117651,26,2686.0,0.03554468205485144,4,53.0,0.4752091162943953,70,16683.0
1325.0,62,5687.0,28.868020304568528,6.533183880494663,23,13741.0,0.07469825792987561,1,9.0,0.6421968923490379,1,11.0,0.6992776779020349,3,65.0,0.5297485915540144,1,75.0,0.2601616286599166,0,3.0,0.8816420623651727,2,30.0,0.4422647400975075,25,2802.0,0.09525562531583297,1,26.0,0.5628733041366594,57,16762.0
1330.0,60,5854.0,29.417085427135678,7.146126054836028,23,13818.0,0.10631215861141975,1,14.0,0.46467528347802733,1,16.0,0.7287278833200175,1,11.0,0.4516838557387319,0,26.0,0.6538806733269318,0,0.0,0.9868184276734671,0,24.0,0.6195334111283005,25,2921.0,0.11673762089409867,1,15.0,0.42121186461848986,52,16845.0
1335.0,67,6118.0,31.536082474226806,6.69763555070591,21,13881.0,0.08906318189621915,1,19.0,0.0,1,12.0,0.8313410463488263,4,29.0,0.5839541785383501,1,28.0,0.5090415400087415,0,0.0,0.9673555208935967,1,15.0,0.6856073301622162,27,3043.0,0.06279798546696251,2,9.0,0.32751477503218096,58,17036.0
1340.0,72,6269.0,32.99473684210526,6.247098638822088,23,13961.0,0.09255726679162538,1,24.0,0.49167741975146795,1,17.0,0.7928334235704029,1,5.0,0.7495195194955357,3,37.0,0.3745349541291553,0,14.0,0.9704632531403143,1,7.0,0.47347393974396207,28,2782.0,0.09370133069089097,5,29.0,0.1410967604625534,63,16876.0
1345.0,63,5803.0,31.032085561497325,6.40461567207125,22,14027.0,0.14358197713575638,1,29.0,0.4951103509004335,1,22.0,0.7927923354524313,1,2.0,0.7575796578260773,3,56.0,0.19362311942503282,0,63.0,0.9732159371295317,3,20.0,0.43881588276419364,20,2310.0,0.10848941017946138,6,59.0,0.07048823000180178,57,16588.0
1350.0,55,5440.0,28.93617021276596,7.002425305378827,21,14094.0,0.1545077321800228,1,5.0,0.0,0,4.0,0.9292191716188152,2,9.0,0.5200252343768872,2,42.0,0.5376005424559054,0,49.0,0.9600939099894574,5,43.0,0.4863473656680193,14,1784.0,0.21693023993601424,5,62.0,0.15776427367547965,50,16092.0
1355.0,41,5140.0,27.195767195767196,7.297352119638077,22,14166.0,0.04402467288470555,1,14.0,0.4410889984610506,0,8.0,0.8402245667715966,3,28.0,0.5036436586506922,0,2.0,0.7385921424329511,0,0.0,1.0,4,35.0,0.3529418186572825,5,1825.0,0.2986062838508744,0,33.0,0.5860096029736243,35,16111.0
1360.0,45,5295.0,28.164893617021278,7.040841486384157,23,14230.0,0.000264304781294844,1,38.0,0.4577885260018623,1,3.0,0.7963524289017874,3,47.0,0.6083334938387203,1,-9.0,0.8296245050548318,0,0.0,0.9833940918836628,2,43.0,0.41740391322644327,8,1857.0,0.2390673964248937,0,19.0,0.6076000116017469,39,16228.0
1365.0,51,5431.0,28.735449735449734,6.992421324880977,21,14289.0,0.052013373825483177,1,43.0,0.6267545928513414,0,4.0,0.8626414039720652,5,67.0,0.4447709725177136,0,-26.0,0.7344418527155996,0,6.0,0.9658065111755958,4,55.0,0.2955456571968441,14,1916.0,0.21587647843076174,2,27.0,0.659977533470536,47,16381.0
1370.0,62,5631.0,29.48167539267016,6.720871005311686,21,14354.0,0.08953865007137923,1,48.0,0.6525497258926207,1,9.0,0.8136474249878184,6,94.0,0.4421983300454264,2,-9.0,0.3956887110586363,0,2.0,0.9626103885329248,3,59.0,0.4476282429591169,21,1944.0,0.07082493768630126,2,37.0,0.38305881489543103,57,16538.0
1375.0,69,5812.0,30.1139896373057,6.823273581538291,21,14414.0,0.10640868522147158,0,4.0,0.5613571090196684,1,10.0,0.846455795720226,4,55.0,0.5149807795332273,5,0.0,0.17661101692880102,0,36.0,0.5674355819562582,2,44.0,0.5737556602799098,25,2059.0,0.036626969054722076,6,66.0,0.3996273158529808,64,16688.0
1380.0,65,6015.0,30.532994923857867,6.760111591067872,22,14476.0,0.075530910165047,1,8.0,0.4635282309149687,0,8.0,0.9359962076010998,0,9.0,0.7592513909915681,5,7.0,0.3497979024411412,0,56.0,0.7942302899524862,4,98.0,0.3782737804135252,25,2184.0,0.03645003222220471,4,41.0,0.5708209876000766,61,16887.0
1385.0,60,6215.0,31.709183673469386,6.8862874943687045,22,14537.0,0.10136708673919509,1,9.0,0.0,0,4.0,0.8223170344373945,2,14.0,0.4790344952221318,0,23.0,0.5839598235150077,0,29.0,0.8852199378305493,4,90.0,0.2514032099213136,25,2313.0,0.09890193665486478,1,17.0,0.6682167558147547,55,17036.0
1390.0,64,6465.0,32.984693877551024,6.705818977400214,21,14585.0,0.08098918524101849,0,4.0,0.929588607416242,3,14.0,0.6237753697200272,3,12.0,0.48249184617375895,1,7.0,0.6499768167318308,0,29.0,0.9766217663970864,3,71.0,0.5040031077031325,26,2439.0,0.1434572245676697,1,10.0,0.26616544663730435,58,17171.0
1395.0,68,6697.0,33.653266331658294,6.125829802180331,24,14649.0,0.03536090117473572,0,4.0,0.8901966193207322,3,15.0,0.5934073206482136,1,16.0,0.7078679885499854,1,1.0,0.5129363675082258,0,0.0,0.7284139290215826,3,137.0,0.3802493265746922,26,2565.0,0.09661113312010212,4,15.0,0.16292283277442823,62,17402.0
1400.0,67,6801.0,33.66831683168317,6.1945180256857455,25,14717.0,0.017654698515375652,0,4.0,0.9263715903026342,2,22.0,0.605946499541804,1,11.0,0.7304130707460244,2,10.0,0.24470467733626322,0,0.0,0.9956890319285184,4,72.0,0.021883464682392505,28,2311.0,0.087495553348985,3,29.0,0.17220386267583535,65,17176.0
1405.0,63,6646.0,33.06467661691542,6.468720365896302,24,14763.0,0.060097422567008625,0,4.0,0.9308965250968977,3,25.0,0.6062077266699586,2,30.0,0.47625765323217684,3,25.0,1.1902159728687478e-05,0,0.0,1.0,1,8.0,0.24951880453026187,21,1872.0,0.0854485004643423,5,52.0,0.23765050680703878,59,16779.0
1410.0,54,6502.0,32.83838383838384,7.2414682475272,21,14785.0,0.09413916424414229,0,4.0,0.93569537586741,1,7.0,0.6860632825330077,4,56.0,0.41958603823836665,2,33.0,0.42447572755627455,0,0.0,0.3872631903329457,2,65.0,0.43572147666739575,13,1276.0,0.22009052944962207,4,61.0,0.46653538656048754,47,16287.0
1415.0,50,6454.0,33.0974358974359,7.353712484936874,21,14834.0,0.07042572995967877,0,4.0,0.7209056902784814,3,20.0,0.6674212446391873,4,81.0,0.44814204591775975,0,20.0,0.7813012191481378,0,0.0,0.9777856409703779,2,79.0,0.441591893780124,8,1317.0,0.2812698724654719,2,41.0,0.5719766198705187,40,16396.0
1420.0,61,6667.0,33.335,6.840489638608824,22,14889.0,0.043562805366797665,2,26.0,0.3510924088335375,4,38.0,0.5396064861438644,5,93.0,0.5116516707362505,0,5.0,0.9390462907486596,0,0.0,0.9267339624826019,2,92.0,0.48053123590798685,10,1356.0,0.23231478930080418,3,51.0,0.49114499616273505,48,16550.0
1425.0,74,6937.0,34.685,6.104710297784826,24,14944.0,0.00018276244643079505,4,45.0,0.38400362114995046,3,29.0,0.5908958748242635,7,109.0,0.3991787133303831,0,5.0,0.6929187471409683,0,0.0,0.9896773033966617,2,97.0,0.46834680984494603,17,1430.0,0.12973613393567346,2,27.0,0.6632403216496178,59,16686.0
1430.0,78,7096.0,35.48,5.713305967568631,24,15009.0,0.0,4,50.0,0.41373092826773444,1,21.0,0.7726225488034671,5,51.0,0.1682864549919806,3,15.0,0.4959736142290557,0,0.0,0.9170039216035628,1,52.0,0.507699634586455,23,1503.0,0.10213154991263682,2,12.0,0.5196740951872103,63,16713.0
1435.0,88,7360.0,36.07843137254902,5.663435012106527,21,15034.0,0.040463285511621,4,70.0,0.45857694244338354,1,16.0,0.7558041605197923,5,27.0,0.07919422828722146,6,48.0,0.37915648614827024,0,0.0,1.0,4,48.0,0.30318783290981366,27,1597.0,0.04069232798926147,5,25.0,0.35067606772347754,73,16865.0
1440.0,76,7503.0,36.960591133004925,5.9560085837255,21,15092.0,0.11601658156839716,4,90.0,0.4696498227891447,0,4.0,0.789200904383536,5,44.0,0.2432631411209122,4,46.0,0.5737081229650998,0,0.0,1.0,4,57.0,0.42974633718808963,28,1735.0,0.07539829618466597,3,21.0,0.013394443201952093,69,17089.0
1445.0,67,7572.0,37.86,6.5130746327558064,21,15134.0,0.09373491489979029,2,57.0,0.49673722438804846,1,9.0,0.749288016087051,2,25.0,0.47680964593410524,1,30.0,0.6535765713596355,0,0.0,1.0,7,176.0,0.39760853211162195,28,1862.0,0.03233911063219828,0,16.0,0.7779080572969216,62,17309.0
1450.0,63,7749.0,39.13636363636363,6.945858492923173,21,15184.0,0.1507926173265632,0,13.0,0.8027775670922545,1,14.0,0.7603118235712488,0,4.0,0.8768216144821912,3,26.0,0.5740040183914662,0,1.0,0.9620137496731144,7,171.0,0.3248577891733832,28,2002.0,0.05537062205984845,0,8.0,0.7259427345983603,60,17423.0
1455.0,62,7976.0,40.9025641025641,6.845551939511217,21,15243.0,0.14160819542022987,0,12.0,0.958660956543886,1,6.0,0.7549981907597634,0,3.0,0.9642073453103969,0,13.0,0.4212267742159223,0,1.0,0.7296915873795475,5,85.0,0.23758606102841187,28,2142.0,0.023667290755913277,1,7.0,0.6693902936636121,56,17512.0
1460.0,72,8213.0,42.776041666666664,6.679408478993984,24,15303.0,0.11347919015471761,0,12.0,0.9260188156939588,2,7.0,0.463657819826146,0,7.0,0.9361307991655725,2,20.0,0.5074596553897586,0,0.0,0.8903128155131137,5,105.0,0.27222582489604685,28,1952.0,1.1887070428013471e-05,3,20.0,0.5242930135240742,64,17426.0
1465.0,64,7970.0,42.62032085561497,6.340276321003554,22,15350.0,0.1149007400456349,1,5.0,0.7972695861779113,2,17.0,0.3306688952705482,2,9.0,0.692150553124868,3,35.0,0.4217209096497432,0,0.0,0.9520754103215762,5,127.0,0.28654621892989546,18,1726.0,0.10382160030384334,3,35.0,0.41248010038368293,56,17304.0
1470.0,50,7691.0,41.57297297297297,6.543800101198897,22,15394.0,0.10144842983499747,1,14.0,0.8123745566061222,1,2.0,0.0012389227811551923,4,23.0,0.41587246640830366,2,49.0,0.4705870409490107,0,48.0,0.97422647226005,4,117.0,0.2661519046487947,8,1212.0,0.24109135823444708,2,23.0,0.3186134057191871,44,16882.0
1475.0,51,7638.0,40.41269841269841,7.177887721516979,23,15450.0,0.11335371976657369,2,20.0,0.6564437871373975,1,7.0,0.4401943251085935,9,55.0,0.2578286555915913,1,34.0,0.6998260823698053,0,92.0,0.7498898374529298,4,81.0,0.3121459637337501,5,1244.0,0.2920535708088103,1,8.0,0.4830854379861799,46,16991.0
1480.0,60,7805.0,40.651041666666664,6.910106996103003,24,15500.0,0.07297522426656368,4,35.0,0.40363303349015006,1,12.0,0.6335676912531049,6,53.0,0.3704196627779658,1,23.0,0.7713773367229486,0,0.0,0.9051702375486742,4,58.0,0.10517228596848713,12,1287.0,0.2151455840792652,1,9.0,0.4527704141273666,53,16977.0
1485.0,51,7888.0,41.735449735449734,6.630960403000344,22,15548.0,0.09702997390035405,5,56.0,0.35777374650973937,0,4.0,0.8209451545758023,0,21.0,0.7224006882694248,1,15.0,0.49441575006753274,0,0.0,0.9523984961448182,1,23.0,0.5147358643278817,16,1352.0,0.08291863397206123,0,0.0,0.6283441916635661,45,17019.0
1490.0,65,8147.0,43.10582010582011,6.801026110503033,24,15607.0,0.07982200489895917,5,81.0,0.3509958556525804,0,7.0,0.9374327819101044,1,7.0,0.8037022245395938,6,33.0,0.3364630198884018,0,3.0,0.9911313420948139,1,9.0,0.5889932292916807,21,1420.0,0.07295296621312854,1,5.0,0.4446421024719446,59,17172.0
1495.0,65,8440.0,44.18848167539267,6.280359226533224,23,15650.0,0.06539222586656233,5,106.0,0.4093856888537515,0,7.0,0.9740729931382113,1,5.0,0.6768324977463929,7,66.0,0.336099319599009,0,3.0,0.9301485205575456,0,2.0,0.4647487147776929,22,1529.0,0.04246818744409385,1,14.0,0.48098218401282666,59,17382.0
1500.0,65,8631.0,45.18848167539267,6.195039746630167,21,15691.0,0.06883269569906042,5,131.0,0.36053179764480303,0,4.0,0.9381288806159345,1,10.0,0.5598363336453881,6,59.0,0.30938940159298234,0,0.0,1.0,2,8.0,0.33086863690458496,22,1639.0,0.07853733529904361,0,4.0,0.8418448694278355,57,17546.0
1505.0,62,8856.0,46.36649214659686,6.472286350201871,21,15737.0,0.12095684242242073,5,160.0,0.1962867091005294,0,4.0,0.8785274089837177,1,20.0,0.7820729506720866,2,48.0,0.38804898724409503,0,1.0,0.9531437937030293,4,29.0,0.39437793426050255,22,1749.0,0.0670454416394668,0,4.0,0.9239772928288049,55,17752.0
1510.0,69,9157.0,47.94240837696335,6.157151680559316,21,15783.0,0.07844278454945534,7,193.0,0.11799378076835641,0,4.0,0.8501191537335155,1,50.0,0.8102520257991648,3,28.0,0.3550775985016652,0,1.0,0.9558616326393555,4,100.0,0.37993359563927576,23,1864.0,0.09644108063162024,1,5.0,0.685723021763911,60,18028.0
1515.0,74,9439.0,48.90673575129534,5.782602739356499,22,15837.0,0.06661864444102118,7,228.0,0.12240678046987122,0,4.0,0.8807867425163914,3,58.0,0.7190271103804101,3,13.0,0.4313963173424588,0,2.0,0.9452225818455684,2,21.0,0.33207443026664785,24,1982.0,0.07318132140015353,2,20.0,0.3799881959891083,63,18165.0
1520.0,77,9776.0,49.6243654822335,5.6932674563260965,23,15888.0,0.021249172265719984,7,263.0,0.20499026815553062,0,5.0,0.9159501221458646,4,55.0,0.5735201641040131,2,15.0,0.6288993586010719,0,2.0,0.9485354701954578,4,38.0,0.2945735251378704,23,2084.0,0.10495744393850852,3,34.0,0.24031635143504557,66,18384.0
1525.0,81,10108.0,50.54,5.450022048253198,21,15931.0,0.009490598983605377,7,298.0,0.20762842978610146,0,4.0,0.9320247896905732,4,64.0,0.3191756786111366,3,25.0,0.4366334601195946,0,0.0,1.0,7,45.0,0.2319330749179576,23,2199.0,0.14492951624217484,3,49.0,0.40647848520833035,68,18615.0
1530.0,78,10334.0,51.92964824120603,5.8153659278026035,21,15985.0,0.10395383376722986,7,333.0,0.10930678376028007,0,4.0,0.9426255631070315,5,86.0,0.2660461997314,3,24.0,0.3887858028379505,0,0.0,1.0,7,105.0,0.19086911254027095,24,2318.0,0.11821797280238945,3,49.0,0.5166963060710027,70,18904.0
1535.0,81,10566.0,52.306930693069305,5.543925447301801,21,16031.0,0.06161402641280136,7,364.0,0.1572010053868527,0,4.0,0.9508183949752805,3,42.0,0.31757776636983054,4,24.0,0.2925872073081963,0,0.0,1.0,7,153.0,0.2645478922413134,24,2442.0,0.12595945415518725,1,31.0,0.711917694458826,67,19091.0
1540.0,78,10859.0,53.23039215686274,6.084120549145003,21,16081.0,0.08396336723686204,8,402.0,0.10705288535786012,0,4.0,0.9365259085318604,0,24.0,0.7000350606765855,4,29.0,0.2893275672622126,0,2.0,0.9499420788616635,6,139.0,0.353359882796063,24,2562.0,0.08272523791940595,2,36.0,0.4881405839683319,65,19279.0
1545.0,72,10951.0,54.21287128712871,6.16984714092538,21,16135.0,0.12057021572085842,8,442.0,0.0,1,1.0,0.7606048448309494,1,25.0,0.8056224439076534,0,6.0,0.9819817899928353,0,2.0,0.8345013515263183,1,128.0,0.46768822346598954,26,2690.0,0.02182763975875318,2,10.0,0.5568006109299453,60,19439.0
1550.0,71,11091.0,54.635467980295566,6.156885780952976,21,16185.0,0.06620465927178344,8,482.0,0.10835446655243802,0,4.0,0.9660181624486205,0,15.0,0.7720383786207747,0,6.0,0.9576880929014278,0,80.0,0.9637444749966754,3,85.0,0.3112039887010481,26,2486.0,0.03596055058792196,2,12.0,0.40488181025188624,60,19355.0
1555.0,60,10523.0,52.09405940594059,6.577214379720823,22,16233.0,0.007219039165166397,8,522.0,0.10432536234241538,0,6.0,0.9360353709540566,0,24.0,0.8600167533543427,0,2.0,0.9276624304761639,0,42.0,0.9369060992948481,3,60.0,0.3371639210317128,16,2257.0,0.12808710177003724,3,18.0,0.5237655056097648,52,19164.0
1560.0,51,9996.0,49.0,7.013289669799843,22,16288.0,0.061291892248731106,8,562.0,0.0,0,0.0,0.9028763774589738,1,21.0,0.6606102185947553,0,0.0,0.5369245000515319,0,0.0,1.0,3,61.0,0.36447321332764987,8,1595.0,0.17590950355241683,0,4.0,0.6982831199500824,42,18531.0
1565.0,57,10109.0,50.29353233830846,7.641341467091637,22,16343.0,0.04059279233084438,8,606.0,0.17572031142741282,0,0.0,0.8743482160537429,3,27.0,0.4490469904177586,1,4.0,0.696082162023667,0,28.0,0.6542118936770497,4,52.0,0.37393826641146327,4,1614.0,0.23685257898328113,2,18.0,0.7023128389302724,44,18692.0
1570.0,52,10057.0,49.54187192118226,7.214260163886476,21,16381.0,0.07000222440902047,6,444.0,0.318910241144571,1,3.0,0.620246828729389,3,38.0,0.5316186792522227,2,11.0,0.7236910913574017,0,1.0,0.6329131171866754,1,20.0,0.3863890489023505,9,1648.0,0.2421529457779341,3,28.0,0.6002663652153585,46,18574.0
1575.0,53,9808.0,47.84390243902439,7.092543032940974,22,16432.0,0.08946889372962953,0,261.0,0.5745162264049964,2,13.0,0.6425216710059265,3,50.0,0.6516522770694911,0,0.0,0.8114509825416942,0,1.0,0.9224619649277245,1,22.0,0.6888207927476646,17,1716.0,0.14262654153604218,2,20.0,0.5308028513274372,47,18515.0
1580.0,62,10023.0,49.865671641791046,6.91923828407494,23,16500.0,0.16069324344167532,1,8.0,0.5728386167760939,0,4.0,0.7953823911475317,4,66.0,0.5169963992900201,1,3.0,0.5342613516940051,0,0.0,1.0,1,27.0,0.5089182534106033,21,1784.0,0.25612758926067636,4,22.0,0.39618324513241754,55,18414.0
1585.0,69,10313.0,52.08585858585859,6.48034034838225,23,16542.0,0.13640036333450845,0,4.0,0.9313576904573329,1,5.0,0.730272228847167,7,89.0,0.34329999609490636,3,18.0,0.25535566073433885,0,23.0,0.9664378733567716,2,30.0,0.5101859853027898,21,1889.0,0.1741870716696075,5,46.0,0.40842710733961857,62,18646.0
1590.0,63,10406.0,51.77114427860697,6.349407770663645,21,16592.0,0.16847258939468637,0,4.0,0.950173849475792,1,9.0,0.6561518138373558,5,58.0,0.2238052608680933,4,26.0,0.2474188449571745,0,23.0,0.9997060511540367,1,19.0,0.4590448050282013,24,2001.0,0.13385366267660861,4,44.0,0.36002219271695923,60,18776.0
1595.0,60,10563.0,53.34848484848485,6.807877414336206,23,16641.0,0.06070775073823865,0,0.0,0.05388869102209855,0,8.0,0.7077367137151186,3,36.0,0.3811358933668787,1,28.0,0.6020678940934138,0,0.0,1.0,2,35.0,0.5290872492609727,25,2126.0,0.0716088348923096,1,25.0,0.6487694608136716,55,18899.0
1600.0,71,10860.0,55.97938144329897,6.320147261182894,24,16705.0,0.08637664988600892,1,12.0,0.6254845100530455,2,15.0,0.4911323633538907,4,32.0,0.5475086212916384,1,19.0,0.7315692067631173,0,9.0,0.9787409385858399,1,18.0,0.7168070935829167,25,2255.0,0.09106576707934586,2,15.0,0.6133799359090781,60,19080.0
1605.0,65,11061.0,57.01546391752577,6.277415504917205,22,16751.0,0.13938947403177232,1,17.0,0.739038095510351,3,28.0,0.5394262241696607,3,15.0,0.5655288409239245,0,4.0,0.8738718826599448,0,2.0,0.9950933890242741,0,62.0,0.6854131847351377,26,2379.0,0.03707095153825258,2,12.0,0.5334437915838101,57,19270.0
1610.0,67,11234.0,58.81675392670157,6.242663069267212,22,16791.0,0.0954494128497422,1,22.0,0.7183827801210309,1,16.0,0.6924299775452128,4,19.0,0.5672449349870117,1,5.0,0.471910787885576,0,0.0,1.0,2,120.0,0.557629321555219,26,2149.0,0.0651151753657398,4,32.0,0.40234966138585965,61,19154.0
1615.0,65,11076.0,57.6875,6.288628853900644,22,16837.0,0.04308753430078946,1,27.0,0.7772651315200182,0,4.0,0.7177732391367718,4,39.0,0.41845391846833496,3,16.0,0.5875597384307927,0,0.0,1.0,4,79.0,0.383061730445212,17,1913.0,0.12338760139628246,6,60.0,0.3418247015027893,57,18975.0
1620.0,54,10909.0,57.1151832460733,6.3484942275433776,22,16894.0,0.04374796969237298,1,32.0,0.7516754612534197,1,9.0,0.5798851023520293,4,59.0,0.1939428951900312,1,18.0,0.6199151545617904,0,0.0,1.0,2,35.0,0.4289469229381981,8,1214.0,0.25034213656211407,5,64.0,0.2750270294698636,44,18325.0
1625.0,51,10936.0,56.66321243523316,7.290428206090894,23,16950.0,0.011288232533803679,1,41.0,0.7752942494279038,0,4.0,0.746874190101948,4,83.0,0.3834540286146894,3,17.0,0.529444474168394,0,25.0,0.9650786625820795,3,55.0,0.4432232418764184,3,1233.0,0.3422333628470032,0,22.0,0.46835134339,37,18430.0
1630.0,52,11069.0,58.56613756613756,7.443479860538169,22,16989.0,0.0818701369360853,1,46.0,0.48662923197164293,1,8.0,0.7701677982162934,2,46.0,0.5690771170166238,5,37.0,0.6129423169342485,0,0.0,0.7597303061712533,4,128.0,0.40122950540903923,8,1262.0,0.30605748020437956,1,8.0,0.6819648783531258,44,18524.0
1635.0,52,11057.0,58.5026455026455,6.739426656760654,21,17035.0,0.13284762169023723,3,61.0,0.5445101899520081,1,13.0,0.6685342257146843,1,3.0,0.6662368780834879,3,30.0,0.5897542404434047,0,0.0,1.0,2,57.0,0.4497691172147749,15,1324.0,0.1732528093113168,1,20.0,0.6011514209576221,47,18543.0
1640.0,63,11248.0,59.2,5.837957330683115,23,17100.0,0.11457891721973104,3,80.0,0.5209688810842517,1,5.0,0.7411538945542188,2,21.0,0.5846304547938067,2,30.0,0.48710052300829937,0,14.0,0.9760292342893008,2,51.0,0.2011088145868709,19,1372.0,0.11551015279451983,3,33.0,0.22683222542310588,55,18706.0
1645.0,74,11565.0,59.92227979274612,5.5812817507617964,23,17147.0,0.09632471571367408,4,98.0,0.3914924536053915,0,8.0,0.8770812023002712,1,23.0,0.6846096690692731,4,29.0,0.3710875573257626,0,49.0,0.8818219516613456,4,65.0,0.42100179136699317,24,1484.0,0.021880835943813313,6,66.0,0.31432452078089135,66,18969.0
1650.0,62,11727.0,60.13846153846154,6.302262805489619,22,17198.0,0.17001951439187069,4,118.0,0.409417168706142,0,8.0,0.8935685171476597,0,10.0,0.5806054216672115,4,29.0,0.16856919349632177,0,4.0,0.984574758870678,2,62.0,0.43498007093057056,25,1609.0,0.03846663348141055,4,62.0,0.4955996437927042,61,19100.0
1655.0,64,11921.0,61.766839378238345,6.122601208648507,23,17257.0,0.13579995714596824,5,139.0,0.15387227347570312,1,10.0,0.6255573618654393,0,14.0,0.7049256297845395,3,27.0,0.17714162000088582,0,16.0,0.970107263109756,0,22.0,0.39769335696138175,24,1726.0,0.12335204375793676,1,7.0,0.6869436787983413,57,19218.0
1660.0,65,12185.0,63.463541666666664,6.263178581858452,24,17312.0,0.09153837996439794,6,168.0,0.2274766411621013,1,11.0,0.7348878260214937,0,27.0,0.8536684053217275,3,28.0,0.2790070590155818,0,18.0,0.940593441779991,1,8.0,0.3791291527957467,24,1842.0,0.15077972061353065,2,13.0,0.4140174018726312,61,19427.0
1665.0,66,12454.0,63.54081632653061,6.111449002350715,23,17369.0,0.07930534509166481,6,198.0,0.23260874327045733,1,16.0,0.7114038075067752,0,23.0,0.9176263054067589,2,15.0,0.0398773862901571,0,2.0,0.9887139674413595,1,16.0,0.5151807181115594,25,1966.0,0.0768210716836242,3,22.0,0.4142270535803499,61,19627.0
1670.0,69,12738.0,67.0421052631579,6.428911325100468,24,17415.0,0.12886754811122023,7,229.0,0.000988838949717293,0,0.0,0.943021419405883,1,28.0,0.710951804749602,2,12.0,0.3232463582321714,0,33.0,0.9262997362979424,2,44.0,0.6187294782996647,26,2091.0,0.07445073569582822,2,22.0,0.5816099081934125,64,19874.0
1675.0,72,13048.0,68.31413612565446,6.667603964808129,25,17467.0,0.054449512224550904,7,264.0,0.0,0,0.0,0.9545600649791125,1,14.0,0.8122894815265786,2,22.0,0.47929356306161736,0,55.0,0.9647330562001942,2,90.0,0.605219567048124,28,2230.0,0.05072241219120399,4,38.0,0.5930623038631201,69,20180.0
1680.0,67,13152.0,68.5,6.21559867468024,22,17511.0,0.10232854205508186,5,161.0,0.0,0,4.0,0.8906187279768271,2,16.0,0.667284028507764,0,0.0,0.9720226413122895,0,9.0,0.9777264443515037,1,64.0,0.4386150370529941,29,2371.0,0.06007791203282747,3,29.0,0.4993249574676829,62,20165.0
1685.0,67,13275.0,68.4278350515464,6.197267925108407,23,17549.0,0.05740938662943689,0,73.0,0.4708013991224896,0,4.0,0.954519278514437,4,37.0,0.48211480479070945,1,1.0,0.7533767139345278,0,20.0,0.7868863185214556,3,63.0,0.2797746992842539,29,2517.0,0.0726301763147104,1,8.0,0.6496060364534313,61,20272.0
1690.0,70,13565.0,70.28497409326425,6.773594388322115,22,17591.0,0.07128055353486201,0,4.0,0.9167268895488359,0,4.0,0.9669267742833197,4,57.0,0.4621634524732122,2,9.0,0.5498730374450806,0,20.0,0.9842924216351034,4,117.0,0.39987456305048547,30,2663.0,0.07078484567578328,4,22.0,0.16441581961140267,66,20487.0
1695.0,62,13779.0,73.29255319148936,6.501632948851147,22,17641.0,0.10611886251772135,0,4.0,0.9199118152232152,0,4.0,0.7362069861331751,4,67.0,0.3596758906955736,1,6.0,0.5552668890266754,0,0.0,1.0,1,69.0,0.3985672470475357,31,2817.0,0.00029484112239572155,1,7.0,0.45093119262159814,60,20615.0
1700.0,63,13920.0,75.24324324324324,6.606173561310627,22,17696.0,0.13352932547565,0,4.0,0.8364576613249213,0,5.0,0.9118354865408278,5,98.0,0.3690355456631517,1,6.0,0.6574392725318965,0,5.0,0.993630108513133,0,24.0,0.3273883266751196,30,2565.0,0.05767463316102233,1,4.0,0.46984538866745923,59,20407.0
1705.0,55,13421.0,74.97765363128492,6.875472446440917,23,17754.0,0.09744691357836312,0,4.0,0.9645886667984319,0,9.0,0.9384058262338513,3,51.0,0.5180715327687155,1,15.0,0.6425726453784482,0,9.0,0.9301458978907914,2,24.0,0.5244534015868434,22,2309.0,0.11025538550655285,1,9.0,0.7003583163967003,52,20184.0
1710.0,39,12914.0,70.95604395604396,7.73528108717271,21,17786.0,0.14332323317062137,0,4.0,0.9296666145550776,0,5.0,0.8204231452274212,2,25.0,0.7255211883901577,0,16.0,0.6674101242209021,0,0.0,1.0,0,36.0,0.6009977845355446,13,1779.0,0.24197946171239867,0,6.0,0.9202323499724355,36,19657.0
1715.0,37,12693.0,71.30898876404494,7.760018689764803,22,17840.0,0.09484020568231408,0,4.0,0.8467159568397469,0,4.0,0.7822240693941972,3,41.0,0.30005228561315633,1,15.0,0.8368590902622026,0,0.0,1.0,1,3.0,0.48670951976090693,8,1711.0,0.2501100381454925,0,6.0,0.9408029035184883,35,19624.0
1720.0,45,12814.0,71.58659217877096,7.370290868288821,23,17898.0,0.11011233371915606,2,10.0,0.5843890790341314,1,7.0,0.7950851273240036,4,35.0,0.4068360773190977,1,20.0,0.8277920243115288,0,0.0,1.0,1,10.0,0.5184272219263567,10,1755.0,0.2582232985964749,0,0.0,0.967945813089625,42,19735.0
1725.0,45,12979.0,74.5919540229885,6.78486677647445,22,17944.0,0.05895434274814935,2,20.0,0.3258491696456325,1,9.0,0.766090842804657,0,12.0,0.6501730939365021,0,4.0,0.6885165972394622,0,0.0,0.9891170936175965,0,15.0,0.5500287103739282,16,1826.0,0.10210699766723169,0,0.0,0.6808406206613737,41,19830.0
1730.0,60,13182.0,74.89772727272727,6.650696594962812,23,17991.0,0.10543140935501727,3,31.0,6.896202833955148e-05,2,4.0,0.32755471630524907,1,8.0,0.7400621614569123,2,8.0,0.4410048004866868,0,0.0,0.9391527527316615,1,61.0,0.6620473512471304,21,1879.0,0.09709679677662736,2,8.0,0.2976639873876813,55,19990.0
1735.0,72,13448.0,73.89010989010988,6.348456857153404,23,18051.0,0.10555910490288735,3,46.0,0.0,3,14.0,0.330776605286833,1,13.0,0.6975837638711031,5,21.0,0.3270523375041915,0,0.0,0.9897030025152213,2,28.0,0.4117980708823385,27,2004.0,0.09396271784865005,2,22.0,0.5697025380492953,66,20199.0
1740.0,69,13682.0,73.95675675675676,6.410286315112546,22,18097.0,0.11259895579846652,3,61.0,0.0,4,36.0,0.47981935361770256,1,18.0,0.6380728271324386,3,22.0,0.3618578883969726,0,0.0,0.9992094094679667,3,36.0,0.4189393834427599,28,2144.0,0.09529096228972825,1,17.0,0.701250616194061,65,20431.0
1745.0,62,13880.0,75.43478260869566,6.577087930787333,21,18142.0,0.17799386959152008,3,76.0,0.0,1,21.0,0.6084627910948381,1,23.0,0.532699962926692,0,9.0,0.45068435912420657,0,0.0,1.0,3,50.0,0.46167212693066,28,2275.0,0.07885401758002147,1,9.0,0.7576807879733769,58,20605.0
1750.0,71,14167.0,76.9945652173913,6.651242254379901,24,18192.0,0.08454716140954863,3,91.0,0.24928680049732965,1,5.0,0.7542666752509497,2,45.0,0.6651752434702678,2,7.0,0.4899381981645347,0,0.0,1.0,2,31.0,0.4106314601558518,28,2417.0,0.046629525462475646,2,42.0,0.5568460566109791,64,20830.0
1755.0,66,14392.0,79.51381215469613,6.15489409435037,23,18248.0,0.0034377276105305803,3,106.0,0.24040726917329128,1,10.0,0.7100017207243094,3,58.0,0.6616593972054817,0,4.0,0.8613357230789331,0,2.0,0.9892911971372091,1,11.0,0.5423747625480917,29,2560.0,0.03213441099460448,3,35.0,0.16779787745586527,63,21034.0
1760.0,64,14582.0,80.12087912087912,6.361923078190385,22,18286.0,0.041757624698013945,3,121.0,0.2850050460357217,2,20.0,0.679679751042328,4,71.0,0.47042646549622746,0,4.0,0.9501178270669867,0,0.0,0.9755155758754911,3,14.0,0.44821965877763814,27,2377.0,0.12339579640522495,2,41.0,0.5594539281198873,63,20934.0
1765.0,57,14398.0,79.9888888888889,6.069488344623475,22,18345.0,0.1422061832092313,3,136.0,0.4756504273993598,1,17.0,0.8288883260548713,4,83.0,0.3677444024430935,0,4.0,0.5834296013032366,0,0.0,1.0,5,32.0,0.31859026834823667,17,2162.0,0.14002883293680088,2,50.0,0.4727764847446757,54,20829.0
1770.0,50,14206.0,76.3763440860215,6.453104847081369,21,18385.0,0.12450548240806004,3,151.0,0.4777809077025747,1,13.0,0.6215697981500009,5,109.0,0.33448646980321384,0,8.0,0.7190778357698655,0,0.0,1.0,5,41.0,0.2983125188067452,12,1558.0,0.2137942513926347,0,0.0,0.634244462724167,47,20265.0
1775.0,52,14168.0,75.36170212765957,6.951686766983758,21,18439.0,0.08022573051515043,3,166.0,0.3505029679823256,3,21.0,0.5668458654282769,5,134.0,0.3732584575989245,2,13.0,0.6323860007611258,0,9.0,0.9439764315563359,5,64.0,0.14589962481734517,6,1447.0,0.22475609840130545,1,2.0,0.684616270097097,46,20295.0
1780.0,54,14239.0,75.73936170212765,7.039994414331332,24,18494.0,0.01512333548459833,4,188.0,0.31801442942202235,3,24.0,0.6140737221075766,4,49.0,0.4094844178430958,3,28.0,0.6545770211693585,0,9.0,0.9084580644093206,2,44.0,0.48167483439464676,9,1482.0,0.22251881643299096,1,7.0,0.7017227458187664,50,20325.0
1785.0,52,14338.0,75.86243386243386,6.971290505656542,23,18549.0,0.16232622382144973,4,208.0,0.3107981640553044,3,16.0,0.5330799849042244,1,29.0,0.5660661924019579,0,12.0,0.7125619713975991,0,0.0,0.9483669395923644,0,33.0,0.6551393414269789,16,1546.0,0.13846063258276037,0,0.0,0.8411643156098215,47,20393.0
1790.0,61,14541.0,75.734375,6.291234614691294,21,18592.0,0.12159336457135458,4,228.0,0.38818455225705356,4,36.0,0.5229692204185296,3,33.0,0.39552233391959224,3,17.0,0.5032124469578724,0,16.0,0.9364684031456975,2,32.0,0.46537237872306386,21,1597.0,0.0752942676833668,1,6.0,0.32661785644702135,59,20557.0
1795.0,70,14809.0,77.53403141361257,5.834109274944757,25,18652.0,0.05193787000703718,5,250.0,0.2748050766505661,2,25.0,0.7137223669614206,1,9.0,0.7787087567654057,5,42.0,0.3742565295234794,0,16.0,0.9638024602090957,2,43.0,0.24347548483132603,25,1699.0,0.09663291733102573,3,14.0,3.972035768056234e-05,68,20750.0
1800.0,68,15022.0,77.83419689119171,6.164665961237031,24,18697.0,0.0051723892599024775,5,275.0,0.27786946037152666,1,17.0,0.6836381060114236,0,4.0,0.8560976275252984,5,44.0,0.4218415469816891,0,0.0,0.9510307165510526,3,51.0,0.40552301938546814,25,1824.0,0.10038067325415986,1,8.0,0.464378366817842,64,20920.0
1805.0,67,15280.0,78.35897435897436,6.67661536250247,21,18732.0,0.05931362760779076,5,300.0,0.2313580809808488,1,20.0,0.7839850446692044,1,7.0,0.6792634003235163,3,32.0,0.5857197706241831,0,0.0,1.0,3,58.0,0.34130284760635093,26,1951.0,0.09885162629286108,0,0.0,0.9694476870036517,60,21100.0
1810.0,61,15380.0,78.46938775510205,7.185999081744625,21,18797.0,0.08218877086424538,4,139.0,0.31255960719860876,0,13.0,0.8415180893991436,1,12.0,0.7526656180938217,2,19.0,0.5587054101665325,0,4.0,0.9523558815825266,2,32.0,0.15166744017264389,26,2081.0,0.12031061749872284,0,4.0,0.9249721578487092,56,21101.0
1815.0,64,15462.0,79.70103092783505,6.590777184041271,21,18831.0,0.047489230969681426,0,27.0,0.714335547879147,1,17.0,0.7660442333151157,2,22.0,0.7045621506399015,3,9.0,0.42076570253169043,0,8.0,0.9242968736047901,1,31.0,0.5194494010629327,27,2214.0,0.08946628679656422,0,4.0,0.9145099022645795,55,21163.0
1820.0,62,15728.0,80.65641025641025,6.948400501971025,22,18882.0,0.00011860909042088296,0,4.0,0.8914167023692041,3,25.0,0.7129238900456248,4,38.0,0.45426356901904014,1,1.0,0.6399992340942149,0,0.0,1.0,1,36.0,0.572379379034,26,2341.0,0.0967530670917564,1,6.0,0.0008877846382407057,58,21333.0
1825.0,69,16006.0,83.80104712041884,6.272030261326437,22,18942.0,0.03901175409538941,0,4.0,0.890061993066251,1,16.0,0.70589602670119,5,59.0,0.45610458775238794,2,11.0,0.5109845637200252,0,8.0,0.9391916493655887,1,21.0,0.1402279412992637,27,2473.0,0.06178997550682248,1,15.0,0.5140826579365299,59,21549.0
1830.0,71,16252.0,84.20725388601036,6.066439923414576,21,19005.0,0.0746860353277962,0,4.0,0.9128854938008442,2,18.0,0.784619500638417,3,28.0,0.2577925589453258,1,4.0,0.5836051356642183,0,0.0,1.0,3,45.0,0.43158868485478075,28,2612.0,0.06196323066306418,0,7.0,0.9340517427360744,58,21723.0
1835.0,72,16534.0,85.22680412371135,6.867546146466852,21,19089.0,0.07599559125163463,0,4.0,0.7496751862357001,2,28.0,0.7486908698840755,3,15.0,0.3873714854951104,1,5.0,0.5207595957057665,0,0.0,1.0,3,123.0,0.4829849110052989,28,2746.0,0.06345324578951886,0,7.0,0.9107582730397498,58,22017.0
1840.0,76,16795.0,86.5721649484536,6.495164114041674,22,19190.0,0.080117950625965,1,11.0,0.4441316816405724,1,18.0,0.8595060644134481,4,52.0,0.4816697151739354,2,12.0,0.5648573158949457,0,11.0,0.6638736745789279,3,122.0,0.452932605423536,28,2886.0,0.04384486257322855,0,4.0,0.6889865066753075,61,22306.0
1845.0,72,16946.0,87.35051546391753,6.391900537110375,21,19268.0,0.10785316956960049,1,16.0,0.6351993247279953,0,4.0,0.9132812394734753,2,45.0,0.5449144174305313,0,8.0,0.9430251643747467,0,6.0,0.7904930920782571,3,117.0,0.3596719052617452,28,3026.0,0.08834964401397719,3,12.0,0.3706134948135927,58,22502.0
1850.0,73,17080.0,88.49740932642487,6.077199002518596,22,19339.0,0.061754591419536986,1,21.0,0.6397029108187514,2,7.0,0.636154390444904,0,47.0,0.7054811801123999,0,8.0,0.9379173317063024,0,4.0,0.8947932737302228,5,147.0,0.4296313004514183,26,2776.0,0.03294354351031196,3,14.0,0.3180825999130215,59,22363.0
1855.0,70,16664.0,85.0204081632653,6.09562247580945,25,19406.0,6.193589437432718e-05,1,26.0,0.45125973822385357,1,6.0,0.8211640805015206,1,16.0,0.7497027717062111,0,8.0,0.6203730923452834,0,18.0,0.9388803099165689,5,78.0,0.20835713164857084,18,2531.0,0.07713063930872692,2,20.0,0.4214751880511769,53,22109.0
1860.0,65,16261.0,83.81958762886597,5.896924140523207,22,19420.0,0.0,1,31.0,0.4460082552182945,2,7.0,0.5453761558347222,1,7.0,0.47685837017644295,1,17.0,0.5144557335711271,0,18.0,0.9317073308217755,4,115.0,0.29693018049261827,11,1781.0,0.18350584462099198,5,39.0,0.4696678661619056,47,21435.0
1865.0,55,15978.0,83.21875,6.778630051668358,21,19460.0,0.06451310887343621,1,36.0,0.41571585398341315,2,17.0,0.5698918333475109,2,17.0,0.4805327034340512,1,16.0,0.7244163824414638,0,39.0,0.9428962207157392,5,117.0,0.4851161931170603,6,1805.0,0.23864244596233725,2,16.0,0.6183182500827259,40,21523.0
1870.0,58,16128.0,83.56476683937824,7.141955978816265,21,19464.0,0.017343351280244248,1,11.0,0.4940170293189439,2,25.0,0.6749530718450693,2,28.0,0.6018455980190353,1,21.0,0.7355967497137003,0,31.0,0.8660326933789806,3,106.0,0.5764571697224926,10,1849.0,0.14366687131000525,1,12.0,0.6844974034736463,41,21547.0
1875.0,61,16313.0,84.52331606217616,6.497585295934389,21,19493.0,0.08471079249051919,0,4.0,0.95226740725187,0,5.0,0.6661100445871476,2,38.0,0.5696070232268368,1,11.0,0.7259533248589055,0,52.0,0.8659123710493037,0,104.0,0.5153005463033148,17,1919.0,0.10608312978801988,2,13.0,0.4742131967227069,43,21639.0
1880.0,73,16577.0,86.79057591623037,5.84669740964237,21,19519.0,0.07641377619725394,0,4.0,0.8182123325018695,2,13.0,0.4860792818444831,3,51.0,0.43996168269009206,2,15.0,0.5085101202071972,0,24.0,0.9800155864382663,2,98.0,0.4421571676427345,20,1971.0,0.0832947649649554,3,15.0,0.27339159620437736,53,21710.0
1885.0,78,16855.0,88.71052631578948,5.675141663152626,22,19549.0,0.08005430786258237,0,4.0,0.9463802509577213,2,23.0,0.39028858744436157,4,72.0,0.40179598247617043,6,39.0,0.3097728824405313,0,0.0,1.0,2,121.0,0.3967489852217243,21,2055.0,0.19270688329255575,3,65.0,0.5252422959268251,60,21928.0
1890.0,70,16913.0,88.08854166666667,5.951558096854112,22,19567.0,0.06363651761187895,0,4.0,0.9563465673546874,0,4.0,0.9252882411554846,6,97.0,0.5255588358738885,4,41.0,0.2940155540441929,0,36.0,0.966127863510901,3,65.0,0.46217697042711975,22,2165.0,0.17794288344658898,4,91.0,0.5220345915936964,61,22070.0
1895.0,72,17102.0,89.07291666666667,6.131253479884385,23,19603.0,0.1460352621771701,0,4.0,0.9796825209160823,0,4.0,0.8927729383554073,1,36.0,0.45659097314691804,2,16.0,0.21568857238917624,0,46.0,0.8651570327518584,5,54.0,0.1459139526564445,25,2283.0,0.15633443401668978,5,150.0,0.3345105039216197,61,22196.0
1900.0,79,17389.0,90.09844559585493,5.883609592901978,24,19636.0,0.06612581761350238,1,5.0,0.5589725449860926,1,6.0,0.4769025541440077,4,32.0,0.5229283070558899,2,11.0,0.37578530004787564,0,19.0,0.9100740542171775,3,67.0,0.4742172706021837,27,2414.0,0.10970911639435565,6,186.0,0.28789363125594514,68,22376.0
1905.0,67,17383.0,90.06735751295336,6.158716545978967,23,19659.0,0.0,2,15.0,0.4738917220686704,0,0.0,0.9188044843387991,8,56.0,0.4928981236849106,0,0.0,0.6611570277238917,0,0.0,0.9378036427673881,0,94.0,0.6830383995095085,28,2555.0,0.11334257089930373,1,146.0,0.530405763456354,62,22525.0
1910.0,64,17588.0,93.05820105820106,6.356451036661067,21,19671.0,0.06349282480125377,2,25.0,0.4834335828454384,0,0.0,0.9790013725335337,5,36.0,0.39572011335165147,1,5.0,0.7623824347882997,0,0.0,0.989947568145349,1,106.0,0.3853843046848474,29,2686.0,0.07449669487239878,2,74.0,0.5528750654717797,61,22603.0
1915.0,70,17842.0,94.4021164021164,6.58743540822382,22,19690.0,0.03134957967708625,2,35.0,0.4542902089017516,0,0.0,0.8721478562253792,3,21.0,0.5768648830160994,1,21.0,0.7124650381162858,0,0.0,0.8487456210102138,3,123.0,0.34478437523497063,29,2814.0,0.06456222880932384,3,41.0,0.34460190352926806,63,22745.0
1920.0,74,18188.0,96.23280423280423,6.392643881221389,21,19714.0,0.0513849173261655,3,47.0,0.24106077586694816,0,0.0,0.4348079075091528,3,31.0,0.6128317209556238,0,12.0,0.7899694259909386,0,0.0,1.0,3,123.0,0.4073618091769176,30,2959.0,0.0900553046012379,6,72.0,0.4703897690419306,66,22958.0
1925.0,75,18492.0,95.31958762886597,6.841651505266495,21,19739.0,0.105118618508787,3,62.0,0.24483357296568928,1,4.0,0.6443855113094877,3,46.0,0.41250767762537827,1,16.0,0.7423741532167754,0,5.0,0.9863722318289072,3,86.0,0.24937238229477238,31,3101.0,0.02943343715572977,7,104.0,0.3254102142876315,70,23163.0
1930.0,77,18754.0,98.18848167539267,6.2265145861916364,21,19764.0,0.10520008835177674,3,73.0,0.05806284381250825,1,9.0,0.6776789045050278,4,65.0,0.40741746013902497,5,27.0,0.3315533513735527,0,51.0,0.8220732456121753,2,90.0,0.2947090564223203,32,3261.0,1.4258717161095697e-06,6,86.0,0.3107020394166819,74,23426.0
1935.0,68,18960.0,99.26701570680628,6.064149497750104,21,19793.0,0.16668857187972552,4,94.0,0.18459960343864013,0,0.0,0.9351805471079697,4,91.0,0.5115276042254296,4,25.0,0.26618376416987066,0,46.0,0.928987806479898,1,55.0,0.2212912834253248,32,3425.0,0.04826888055424855,0,102.0,0.564043256627997,66,23631.0
1940.0,66,19019.0,98.0360824742268,6.0305600895170794,23,19826.0,0.10232284419297182,4,114.0,0.31656009613634484,0,0.0,0.8457142190287076,3,29.0,0.4761168586410947,1,8.0,0.288114847524832,0,0.0,0.9572634297561979,2,61.0,0.48267336120453797,31,3153.0,0.049622007044762,1,79.0,0.6818036975239262,65,23270.0
1945.0,67,18557.0,94.67857142857143,6.064456578424267,25,19870.0,0.06767286065536206,4,134.0,0.31118282684226933,2,9.0,0.7572379164206382,2,22.0,0.5509416716592902,1,10.0,0.3534304728961178,0,0.0,1.0,2,39.0,0.35744946322391574,23,2877.0,0.14981575052485469,4,84.0,0.41702256481236794,63,23045.0
1950.0,61,18119.0,91.51010101010101,6.304638553473274,24,19890.0,0.11356557979312279,4,154.0,0.4090678759933534,1,5.0,0.6745936041315717,6,45.0,0.39566328198697215,0,8.0,0.8777645401444589,0,1.0,0.9893383156844793,4,50.0,0.2742508180022406,14,2045.0,0.19747324391508328,6,110.0,0.31458589797929876,59,22308.0
1955.0,58,17983.0,90.36683417085428,6.593754205425061,21,19909.0,0.09823767984267952,4,174.0,0.41018186155361464,2,20.0,0.7418863716997515,5,43.0,0.20278646050212873,0,8.0,0.797270536995223,0,0.0,0.9340068732952299,6,80.0,0.25271628719136036,9,2100.0,0.23081375374349514,8,149.0,0.34464128535648997,55,22483.0
1960.0,55,18035.0,90.175,6.906297090316206,22,19918.0,0.13793874171601384,4,194.0,0.309004677180536,2,16.0,0.7877170554500514,1,32.0,0.47648146984852974,1,6.0,0.711576079254116,0,0.0,1.0,4,112.0,0.34286044940467075,10,2142.0,0.23607762651373043,6,106.0,0.24662363764828038,50,22526.0
1965.0,47,18086.0,90.88442211055276,6.853296949378217,21,19943.0,0.09501146833590178,5,219.0,0.1522201290617136,0,2.0,0.7142770065422676,2,26.0,0.5591564703389853,1,2.0,0.6547715975261044,0,18.0,0.8901260678241716,1,77.0,0.47396602843249874,16,2215.0,0.20433856185721505,0,44.0,0.4745967390789647,46,22546.0
1970.0,65,18328.0,90.73267326732673,6.353516923240692,23,19972.0,0.07446487991734174,6,248.0,0.23588935030613994,3,17.0,0.4928657864003519,2,32.0,0.5331307959681882,3,8.0,0.31515019240356185,0,18.0,0.9793901555030164,2,113.0,0.3280503958168785,22,2287.0,0.10958392427570973,1,6.0,0.6130618295078513,62,22701.0
1975.0,80,18669.0,91.96551724137932,5.713552689586502,24,20019.0,0.1036211649274644,6,278.0,0.21570361070844402,5,36.0,0.496246809146257,3,45.0,0.34601857236231826,5,32.0,0.10523119090966698,0,0.0,1.0,3,117.0,0.36313094487111175,29,2410.0,0.06730183947042287,3,22.0,0.32377320488544065,78,22959.0
1980.0,88,19005.0,92.25728155339806,5.510467961126669,22,20039.0,0.10579861677724643,5,298.0,0.14624507969778583,4,23.0,0.2787920759834334,5,65.0,0.10760225827352747,5,37.0,0.2604414157870718,0,4.0,0.959007490650021,3,80.0,0.32372775623147004,32,2563.0,0.027538950566765318,6,44.0,0.27720573060424164,82,23153.0
1985.0,81,19267.0,93.98536585365854,6.0219750825831815,21,20051.0,0.11956781499047728,7,331.0,0.11638954955066629,1,13.0,0.5745154854703113,1,21.0,0.5051674894943524,0,28.0,0.5877231133291902,0,6.0,0.9545495368897976,5,93.0,0.3875185084429616,31,2711.0,0.05226162560004664,8,75.0,0.1710152355520992,74,23329.0
1990.0,80,19610.0,97.56218905472637,6.244065221822586,21,20076.0,0.11600939119089188,7,366.0,0.11101685510371101,1,17.0,0.8140605556123202,0,4.0,0.9422829003030385,0,8.0,0.7655811475273081,0,0.0,0.7826917261971688,3,65.0,0.5435662704984143,32,2868.0,0.05468324886377054,6,90.0,0.1258534184099964,70,23494.0
1995.0,73,19790.0,100.96938775510205,6.108749301466604,23,20099.0,0.08529861254009466,7,401.0,0.2713183410741299,0,4.0,0.7237917145256175,0,4.0,0.7945732565489415,1,15.0,0.5722333191875156,0,0.0,0.8983317193964095,2,56.0,0.5696569719866553,32,3032.0,0.09183993430259073,2,74.0,0.42643528676914133,67,23685.0
2000.0,81,20081.0,102.97948717948718,5.588749431638148,22,20121.0,0.07848019647025226,7,440.0,0.39122995754228523,2,12.0,0.708097765551439,0,0.0,0.7950126246672449,3,23.0,0.47589644407379367,0,0.0,1.0,3,42.0,0.3035503280143854,31,2766.0,0.08324312349430035,2,47.0,0.43418658509174735,70,23451.0
2005.0,78,20010.0,100.55276381909547,5.753627941975912,22,20147.0,0.03969551226966502,8,478.0,0.2554633681370953,2,22.0,0.7336188780049668,0,3.0,0.6884171005944529,4,47.0,0.2632927813009893,0,0.0,1.0,3,50.0,0.410103074153781,22,2503.0,0.1285740678332286,4,60.0,0.3293809037958,65,23310.0
2010.0,70,19878.0,97.92118226600985,6.290393459868366,21,20164.0,0.0017793239406577641,8,518.0,0.09933478931428885,0,4.0,0.8317821112981342,1,12.0,0.7829741476440764,3,35.0,0.46271727749214403,0,0.0,1.0,2,41.0,0.3365277214811515,16,1918.0,0.20345598434655107,5,85.0,0.32417290220981376,56,22777.0
2015.0,66,19746.0,96.79411764705883,7.082955993928704,22,20197.0,0.05001095019689495,8,558.0,0.1988598046350824,0,8.0,0.9004768677933962,1,13.0,0.6877345043925831,1,18.0,0.7110444296816381,0,0.0,1.0,6,73.0,0.40158266230777157,7,1566.0,0.30847533985965336,8,118.0,0.3125424169950374,53,22551.0
2020.0,62,19835.0,97.23039215686275,6.666298502321908,22,20233.0,0.07881042851832781,8,598.0,0.12029700256189721,1,11.0,0.8120327166280024,2,26.0,0.6076810817835171,1,15.0,0.8013275071855773,0,0.0,1.0,4,102.0,0.37703463557236866,8,1596.0,0.26741657240921846,7,127.0,0.3020430634196336,53,22708.0
2025.0,60,19980.0,96.52173913043478,6.254651201847723,21,20240.0,0.07803155710713584,9,641.0,1.8020576322346292e-05,1,2.0,0.7962746786231953,3,37.0,0.6827637694241974,0,6.0,0.6993716695966065,0,0.0,1.0,1,117.0,0.3952233782634392,15,1660.0,0.1622059417250302,3,130.0,0.4843683486582808,53,22833.0
2030.0,71,20155.0,96.89903846153847,5.941973800240196,22,20270.0,0.0809784037762042,9,686.0,0.1765521020314793,1,6.0,0.6683838981895601,5,52.0,0.4298405304233909,3,16.0,0.4068903129205306,0,0.0,1.0,4,180.0,0.4017441429597272,21,1701.0,0.08316969303666986,3,148.0,0.5564900675099713,68,23059.0
2035.0,76,20347.0,96.43127962085308,5.66577559733756,23,20304.0,0.05751398503668164,9,731.0,0.17064240360806157,2,15.0,0.5587349413041263,3,18.0,0.49053096754659814,7,46.0,0.09747181527057477,0,0.0,0.957397399701888,4,99.0,0.4541608058652343,23,1795.0,0.09302257761710879,3,85.0,0.5255236888128911,74,23093.0
2040.0,76,20583.0,98.48325358851675,5.86682018657166,21,20314.0,0.10922195852662135,9,776.0,0.09879190481368066,0,1.0,0.8330190455916309,2,13.0,0.3959154884061464,7,63.0,0.2762432312438267,0,0.0,0.9920272967816527,3,159.0,0.4413456124587332,27,1925.0,0.09277805372782177,4,53.0,0.4565615705978381,73,23304.0
2045.0,78,20890.0,101.40776699029126,6.343022200893921,21,20339.0,0.136950009093024,9,821.0,0.17344334085652502,0,5.0,0.3871518996807524,5,29.0,0.25132290622423903,1,58.0,0.5030582089902197,0,0.0,0.9223878739457303,4,142.0,0.4171301321787346,29,2062.0,0.08994737616321473,5,67.0,0.34208750969275364,74,23523.0
2050.0,78,21202.0,103.42439024390244,6.1033554436137,22,20368.0,0.08578289782281262,9,866.0,0.28729065260230696,1,10.0,0.6207401953793868,2,21.0,0.6471937289944715,0,26.0,0.4238661883731268,0,0.0,0.9378883540212761,3,81.0,0.46381667259017834,29,2207.0,0.06101270353719301,3,59.0,0.3482808057215716,69,23638.0
2055.0,70,21373.0,104.76960784313725,6.203235388673618,21,20396.0,0.162561611913425,9,912.0,0.2554159424946327,0,0.0,0.9407879938537351,0,18.0,0.8694396819379691,1,23.0,0.4742730920405614,0,0.0,1.0,2,79.0,0.5533534471027852,30,2357.0,0.06979998821538452,2,56.0,0.5685529311196229,65,23841.0
2060.0,79,21629.0,104.99514563106796,5.547857885390742,23,20423.0,0.046107079063903336,10,958.0,0.09092808704231885,1,11.0,0.7069602888186838,1,5.0,0.7951137243628085,4,36.0,0.2489645088214377,0,0.0,1.0,3,73.0,0.35871523934334554,31,2171.0,0.08229497491563564,2,24.0,0.518748293492865,75,23701.0
2065.0,79,21556.0,104.64077669902913,5.7094452603890264,26,20473.0,0.1006290328031176,10,1008.0,0.0894739793307702,2,21.0,0.5137201925728424,1,6.0,0.710906840737943,6,68.0,0.1831700847370431,0,2.0,0.9539302757607603,4,60.0,0.3127108871505018,20,2010.0,0.16478663748278152,2,7.0,0.5443592287254605,71,23655.0
2070.0,63,21474.0,103.24038461538461,6.408963840114102,23,20484.0,0.16782353964700397,10,1058.0,0.0902148921796457,1,10.0,0.7103292655839106,0,0.0,0.7464902746621654,4,65.0,0.4477950087596862,0,2.0,0.9619681118350254,1,31.0,0.3968376686701452,15,1571.0,0.2316416839214153,2,17.0,0.6141607526035464,56,23238.0
2075.0,52,21353.0,101.68095238095238,7.197724750095151,21,20493.0,0.22724763034926218,10,1108.0,0.15043106148958232,0,4.0,0.6612735153866515,2,9.0,0.6054493308537079,0,44.0,0.5747714193478907,0,0.0,0.9988480277281655,1,32.0,0.5676776652542587,8,1509.0,0.23710819847957068,3,29.0,0.5401826346412767,45,23228.0
2080.0,59,21511.0,102.43333333333334,6.991002668254868,22,20522.0,0.15179483087211978,11,1159.0,0.07798037325849415,1,8.0,0.7678672545375888,3,25.0,0.542713062040471,1,8.0,0.7602825239946418,0,4.0,0.9587356732516298,3,53.0,0.4826700243306714,9,1549.0,0.1976936478810531,2,11.0,0.3939671274202835,52,23339.0
2085.0,67,20719.0,97.73113207547169,6.052524631539854,25,19576.0,0.06917585708169703,11,1221.0,0.1452912726978323,1,1.0,0.7595768393507648,3,22.0,0.5796258773796635,1,6.0,0.6144781164544802,0,0.0,1.0,2,39.0,0.4013956513009185,15,1616.0,0.11649008830983971,3,19.0,0.5824382099808485,61,22500.0
2090.0,74,16076.0,75.1214953271028,5.668628544289842,23,18636.0,0.06693190130159077,11,1276.0,0.20559445843917498,1,5.0,0.5969298650647665,3,23.0,0.4800591530800541,4,19.0,0.3402248599664501,0,1.0,0.9403103886011185,2,65.0,0.4565621944340206,20,1658.0,0.0412030133334086,4,35.0,0.4653057604849543,68,21718.0
2095.0,85,12539.0,58.32093023255814,5.583430354730132,21,15757.0,0.10692298972049351,11,1328.0,0.1948408695897085,2,26.0,0.6459392823944184,3,32.0,0.3168818498903159,8,48.0,0.04966528622311389,0,0.0,1.0,4,85.0,0.48547394471837313,26,1756.0,0.01601132058021293,3,32.0,0.4660453322474537,78,19064.0
2100.0,74,8884.0,40.94009216589862,5.4584177892178545,15,15741.0,0.11190215172004363,11,1387.0,0.324136543111731,1,21.0,0.7218975382151784,3,43.0,0.37125395869161326,7,47.0,7.408349844450419e-05,0,6.0,0.9879741473298954,2,54.0,0.3232739022609532,28,1895.0,0.08039366479520929,1,11.0,0.570167432606388,68,19205.0
2105.0,69,4259.0,19.62672811059908,5.823273667075304,11,15746.0,0.1747048255314671,11,1442.0,0.3369707206897776,0,4.0,0.8423667137501952,4,66.0,0.3908768480729158,0,36.0,0.29745483732442296,0,8.0,0.9816993579446743,2,22.0,0.46718732096717697,28,2027.0,0.09114505357343915,2,20.0,0.5241637282575695,58,19371.0
2110.0,69,2527.0,11.486363636363636,6.49929123591877,12,15756.0,0.21795458853176883,11,1500.0,0.25161650827818594,0,8.0,0.9470132921567341,4,86.0,0.41719043298603076,0,7.0,0.6604875004171491,0,2.0,0.6581116737652634,2,34.0,0.5873207001571877,32,2176.0,0.012284272335148998,1,9.0,0.48912564143989573,62,19578.0
2115.0,78,2805.0,12.808219178082192,6.374857117907198,13,15765.0,0.20468729155328555,13,1566.0,0.2674696523152379,0,8.0,0.7482787503901966,4,66.0,0.5071480489244757,1,13.0,0.4956206340724543,0,1.0,0.9886112861957772,3,45.0,0.4083857521488741,33,2344.0,0.02560567586043487,3,4.0,0.43208449914195657,70,19812.0
2120.0,76,2861.0,12.887387387387387,6.1507216714197765,13,15724.0,0.26896692938549727,13,1631.0,0.15662215314880595,2,14.0,0.5736150633144576,2,48.0,0.5278994137098786,1,22.0,0.5832114030598641,0,1.0,0.9540157237582905,1,13.0,0.6562495948184026,32,2206.0,0.04877416862547658,3,-3.0,0.5471338359388158,67,19656.0
2125.0,76,2784.0,12.597285067873303,5.911665230487829,19,15728.0,0.15485825921008337,16,1702.0,0.10100012599131304,3,28.0,0.40290495536504384,4,29.0,0.3753724618649555,1,27.0,0.6854912133065212,0,0.0,0.9461610867804012,1,10.0,0.5821316042932624,23,2035.0,0.1088950020137924,1,-26.0,0.6422071282793933,68,19533.0
2130.0,73,2253.0,10.382488479262673,5.573231690442386,23,15737.0,0.15088325815178816,14,1321.0,0.1161893936656715,2,19.0,0.48288970015125393,4,29.0,0.396390167596065,1,17.0,0.6249148564161878,0,0.0,0.9195493176609959,3,33.0,0.24305918774704713,14,1490.0,0.2282821731333803,2,-11.0,0.590155839561634,63,18635.0
2135.0,50,676.0,3.1296296296296298,6.9297552883925215,24,15791.0,0.14159138821206252,4,952.0,0.2398379179523993,0,9.0,0.6332330176711313,1,11.0,0.592122061799606,1,11.0,0.7648347139192068,0,36.0,0.9240519362330513,4,100.0,0.39754861416654985,9,1530.0,0.26497717249015174,3,28.0,0.6087636682251004,46,18468.0
2140.0,46,692.0,3.1743119266055047,7.834424310086673,26,15822.0,0.11107526182057625,0,344.0,0.4968766373013297,0,5.0,0.9241359961446737,2,21.0,0.6701028747120652,1,16.0,0.8208059093750061,0,7.0,0.9540324341342417,0,49.0,0.617978773774502,9,1558.0,0.24234849357660473,3,44.0,0.5461326644999978,41,17866.0
2145.0,66,929.0,4.261467889908257,6.873779309444642,27,15854.0,0.03571473803009256,4,351.0,0.1500675915819386,1,7.0,0.7693926122671723,3,28.0,0.6470075987390377,1,17.0,0.652339778092009,0,7.0,0.9933962300906423,2,44.0,0.5743140815519845,16,1611.0,0.1929641784094728,3,26.0,0.4274517628090863,57,17945.0
2150.0,75,1168.0,5.3577981651376145,6.3826295168540215,24,15929.0,0.09395250997224497,9,383.0,0.08900885777674084,1,12.0,0.8048162835386468,3,34.0,0.5438462335311852,2,5.0,0.5013991675107156,0,0.0,0.9911323424276033,2,48.0,0.3655466964984799,22,1697.0,0.07890088399493828,1,11.0,0.6040589211054703,64,18119.0
2155.0,83,1524.0,7.023041474654378,6.437832748656143,21,15972.0,0.17270367422628877,9,428.0,0.09627557329555324,1,17.0,0.7406293468352154,4,50.0,0.4146545433153365,2,14.0,0.37242341678599394,0,0.0,0.9765409980603873,2,51.0,0.5565092430448464,27,1813.0,0.12102679087134328,2,12.0,0.5593409152102593,68,18357.0
2160.0,91,1899.0,8.711009174311927,5.95834006994407,21,15984.0,0.09411006159464907,10,477.0,0.16424146913245877,1,7.0,0.7388050640916461,5,71.0,0.3040627248056231,5,36.0,0.34552045588426267,0,0.0,0.9809347369535344,3,56.0,0.3910203298973335,30,1945.0,0.08337254414154258,2,6.0,0.48609275662406976,77,18582.0
2165.0,82,2057.0,9.47926267281106,5.52898865927755,23,16019.0,0.07283391064075395,8,293.0,0.17553946601731601,0,5.0,0.6704547834279286,6,100.0,0.3775367933019993,4,36.0,0.39125640072167117,0,0.0,0.9518740774123517,3,102.0,0.21202099867280447,31,2090.0,0.07876402734049447,2,15.0,0.5399111866753734,77,18660.0
2170.0,76,2172.0,9.872727272727273,6.0846182142025,25,16064.0,0.07575344185986045,1,183.0,0.3593933441228281,2,-9.0,0.4030888919330162,5,68.0,0.2654910112049564,1,19.0,0.5510591112503406,0,0.0,0.9939547686585514,1,30.0,0.41980728993552724,34,2243.0,0.040705936097614664,3,25.0,0.20348220024832733,72,18623.0
2175.0,86,2482.0,11.130044843049328,6.635342874252295,24,16061.0,0.11865994120426102,3,12.0,0.13076089755077713,3,-26.0,0.5836660663888297,2,31.0,0.5751148070736545,1,15.0,0.6804005435255777,0,0.0,0.9931727817576809,2,53.0,0.5502705080487923,37,2413.0,0.025660470587277016,3,29.0,0.36410393779872713,75,18588.0
2180.0,78,2639.0,12.274418604651164,6.599832337529849,22,16073.0,0.11512638461083648,2,10.0,1.4735522883258737e-05,1,-8.0,0.7020393581726568,2,26.0,0.6930750296515097,0,5.0,0.7094191972883248,0,6.0,0.9329582184679373,2,95.0,0.4726724683837883,35,2272.0,0.06525053862720122,1,16.0,0.5402828295766569,65,18495.0
2185.0,68,2476.0,11.462962962962964,6.519731759925144,23,16093.0,0.17972515215545135,1,27.0,0.2561177428753001,3,-28.0,0.6191515162642316,1,11.0,0.6144577897552163,1,13.0,0.6508356188739798,0,0.0,1.0,2,118.0,0.40406734164541314,26,2126.0,0.1472648934576933,2,25.0,0.4894234070101873,59,18385.0
2190.0,59,2296.0,10.679069767441861,6.56977175484286,24,16115.0,0.06254645725596612,1,32.0,0.48073614541539306,1,-47.0,0.7961545334625958,1,21.0,0.5131259469441687,1,21.0,0.5351750749070334,0,0.0,1.0,3,120.0,0.4541715985330049,19,1692.0,0.23347236095903132,1,1.0,0.7188040963512888,51,17955.0
2195.0,55,2152.0,9.91705069124424,6.871035702951099,23,16149.0,0.07543837412162523,0,0.0,0.04082183297683644,0,-59.0,0.9329982771023558,3,22.0,0.3772420259191048,1,16.0,0.78165118542086,0,13.0,0.8741961906648497,0,93.0,0.6979230507868197,13,1763.0,0.20393467276267405,2,13.0,0.5469291554632342,42,18010.0
2200.0,57,2214.0,10.25,7.0280809443193055,24,16177.0,0.04921804202075504,1,5.0,0.0,0,-77.0,0.7866429005840522,4,44.0,0.4195292044155595,0,8.0,0.830565508444346,0,26.0,0.936875711411609,1,17.0,0.7012842969217649,13,1820.0,0.2132526135451804,5,32.0,0.4709495713012181,48,18052.0
2205.0,63,2415.0,11.285046728971963,6.563580208095261,23,16197.0,0.049177218868049155,1,10.0,0.0,0,-1.0,0.8522766247535398,4,35.0,0.5262114362073507,1,4.0,0.6264216065219049,0,55.0,0.816820310121774,3,42.0,0.2989816577358739,19,1889.0,0.16220107445474016,4,23.0,0.4544992341003833,55,18254.0
2210.0,71,2611.0,12.200934579439252,6.118044747566656,22,16211.0,0.03376398757524896,0,0.0,0.09489026966025252,2,4.0,0.6996375346730616,1,17.0,0.6483024221675898,0,1.0,0.5776217033227729,0,45.0,0.9733148323784635,5,78.0,0.43256004506230494,25,1953.0,0.09997960802786895,3,22.0,0.5748047100267898,58,18331.0
2215.0,80,2840.0,13.333333333333334,5.721105038606247,23,16232.0,0.04594176861701874,0,0.0,0.7419964411850558,3,16.0,0.6717993380090583,3,23.0,0.44991168775502177,3,14.0,0.27682883189344715,0,34.0,0.9333152258379991,1,51.0,0.6376306984518695,30,2042.0,0.07518123940632829,5,42.0,0.415814290595869,68,18454.0
2220.0,79,3101.0,14.696682464454977,5.388076598499639,21,16245.0,0.0,0,0.0,0.9419739771569094,0,0.0,0.8833693388027778,3,23.0,0.4652026042079718,3,28.0,0.44205650087493137,0,9.0,0.9547015339806343,2,44.0,0.33040236329024947,38,2194.0,0.034494927234437665,2,18.0,0.5270028953836672,69,18561.0
2225.0,68,3038.0,14.262910798122066,6.3641907342913,21,16270.0,0.02143170711263879,0,0.0,0.9674959663595205,0,8.0,0.9413937705368475,1,16.0,0.48555596019219055,1,20.0,0.7345054616196477,0,22.0,0.982389751249381,2,195.0,0.28814866305350323,37,2358.0,0.0733027302234148,2,32.0,0.6325339788859837,64,18921.0
2230.0,72,3331.0,15.565420560747663,6.986485492433107,21,16295.0,0.043215954647869564,0,0.0,0.9444890223532358,1,11.0,0.763412432454468,1,13.0,0.5160322391284922,0,16.0,0.7412049001976815,0,40.0,0.9118823004147548,1,54.0,0.4705597794525833,40,2539.0,0.0670506733100459,2,52.0,0.5785317650312503,66,19020.0
2235.0,76,3664.0,17.04186046511628,7.045732935324091,21,16324.0,0.0835540594723439,0,0.0,0.9875507721295276,2,16.0,0.7472475423106161,1,22.0,0.7494544583865402,0,8.0,0.5722601169443143,0,27.0,0.968535673354914,2,169.0,0.3928901797330795,40,2729.0,0.047220865212216745,3,57.0,0.5664885363815032,69,19352.0
2240.0,75,3925.0,18.25581395348837,7.029413486933592,21,16349.0,0.041539247349338046,0,4.0,0.5027858860916868,2,18.0,0.747944021319608,2,32.0,0.6495723286085325,0,4.0,0.9236376927687074,0,10.0,0.7628075294647394,2,69.0,0.4826718407637036,38,2593.0,0.036327446710970115,3,42.0,0.47707071957290775,68,19121.0
2245.0,72,3828.0,17.804651162790698,6.810838879019631,22,16378.0,0.04443886463727565,1,9.0,0.4532490179867675,3,28.0,0.6924468729779615,4,50.0,0.5058794214838447,0,4.0,0.7716494124922075,0,4.0,0.947630731158497,1,13.0,0.5084923894211402,30,2288.0,0.06668650880161062,5,59.0,0.3322939559088911,66,18833.0
2250.0,56,3638.0,16.92093023255814,6.761771920672622,21,16399.0,0.13477132495554206,1,14.0,0.6045230255928916,1,18.0,0.7276745892898016,3,56.0,0.3500083027817187,2,14.0,0.5702569588827981,0,4.0,0.9165566875968281,1,15.0,0.592775182467257,20,2008.0,0.17328731460809446,4,97.0,0.3768098355005654,53,18625.0
2255.0,58,3506.0,16.306976744186045,7.004459507023882,21,16420.0,0.10816549471388529,1,19.0,0.710225386709002,1,10.0,0.8374186995817479,5,72.0,0.2728958022290858,4,22.0,0.4583431645365756,0,1.0,0.9520108633514124,2,131.0,0.5020686669349795,13,2064.0,0.21809900332034826,8,154.0,0.29104018623088096,55,18893.0
2260.0,58,3453.0,16.135514018691588,6.890488082310869,21,16453.0,0.11545819414592996,1,24.0,0.6274358921617733,2,16.0,0.7244584925217787,6,102.0,0.29670876402364565,1,26.0,0.4432051145770708,0,3.0,0.993922906647037,2,28.0,0.5284829316853481,12,2121.0,0.2142376420751012,8,194.0,0.2953304290228826,53,18967.0
2265.0,60,3510.0,16.47887323943662,6.550298777509762,21,16478.0,0.11269729402136056,1,29.0,0.6123496316092586,0,4.0,0.6938966411879184,6,60.0,0.4154389121328763,2,21.0,0.6211626647638874,0,2.0,0.9685969885004881,1,7.0,0.442808675463108,17,2176.0,0.1802669323357628,9,195.0,0.16898259804805096,57,18972.0
2270.0,60,3636.0,17.150943396226417,6.3944112370174295,21,16503.0,0.09553747675135975,1,34.0,0.5840523357590485,1,5.0,0.4013896075637759,1,27.0,0.6994665241977334,1,11.0,0.6589197484337809,0,0.0,1.0,4,31.0,0.27265835319927395,22,1991.0,0.07489166299236528,5,163.0,0.27791490888574394,56,18765.0
2275.0,63,3734.0,17.78095238095238,6.47781883376285,21,16524.0,0.10908610112784088,1,35.0,0.511390304574348,4,21.0,0.39861108480403334,3,29.0,0.5706176791767833,2,19.0,0.4406421559043337,0,2.0,0.9221252748718539,2,25.0,0.6146618073612293,21,1679.0,0.11068547088891759,4,145.0,0.38122801140275836,58,18479.0
2280.0,60,3800.0,17.92452830188679,6.213650601739905,21,16555.0,0.16738711303847567,2,41.0,0.005746005598121014,0,0.0,0.6217624935103365,3,18.0,0.45859196729959123,6,48.0,0.41578662145646156,0,0.0,0.9853856864612298,0,18.0,0.5151709036163742,17,1280.0,0.1756285410560914,5,117.0,0.2062483882038561,54,18077.0
2285.0,60,3885.0,18.588516746411482,6.694754537211577,21,16570.0,0.02966949610538017,3,55.0,0.140088280470069,0,0.0,0.6959900628299814,4,33.0,0.5377323656544671,6,57.0,0.48361136994483217,0,0.0,0.9364833176978393,3,32.0,0.5704239537013801,12,1215.0,0.2479731033775727,5,74.0,0.2631505999872833,54,18036.0
2290.0,61,4003.0,19.061904761904763,6.699280359616529,22,16603.0,0.054363271028663396,3,70.0,0.2267544471752172,1,7.0,0.5877981742581264,5,45.0,0.20198492375636645,6,76.0,0.4774322561885773,0,1.0,0.9313448674697273,3,31.0,0.6300186231469258,8,1241.0,0.28242878529862764,4,51.0,0.31166740996922243,52,18125.0
2295.0,59,4180.0,19.81042654028436,6.873231685060767,21,16624.0,0.07465979148568126,3,85.0,0.23090674184924231,0,3.0,0.8534938622528419,3,40.0,0.6434606124508867,5,74.0,0.4329035197478769,0,2.0,0.9893409368467669,1,33.0,0.6274689043789241,15,1291.0,0.20127146336174176,3,55.0,0.3404638806863028,51,18207.0
2300.0,61,4228.0,20.524271844660195,6.653352450712997,21,16649.0,0.11313421691107588,3,100.0,0.24244124641386805,1,9.0,0.7821525878960818,0,16.0,0.836551442981996,6,60.0,0.38702747625489536,0,1.0,0.9725857538081448,5,38.0,0.32719183947332076,21,1345.0,0.11938660187995825,1,23.0,0.6359490763846826,58,18241.0
2305.0,71,4535.0,21.802884615384617,6.587525471092419,21,16670.0,0.12530983797736145,3,115.0,0.4464297209888468,1,14.0,0.743773359231021,2,23.0,0.6680519658489958,6,63.0,0.3629641623517187,0,0.0,0.9284726450194812,6,96.0,0.2762442067015971,28,1455.0,0.08723078415008416,1,12.0,0.6722285424364609,68,18448.0
2310.0,81,4840.0,23.047619047619047,6.109279155426139,22,16699.0,0.03307743887982218,3,130.0,0.40890781433322854,1,12.0,0.8326217086978769,4,25.0,0.4408848896279438,9,102.0,0.29537575009044975,0,6.0,0.9511045312580974,3,68.0,0.31490933976712154,32,1599.0,0.055924567182052604,0,5.0,0.8622618385269407,74,18646.0
2315.0,85,5186.0,24.347417840375588,6.447700940052629,23,16734.0,0.11331780791009212,4,149.0,0.390199098334699,0,7.0,0.9142292512908533,2,28.0,0.48921023453994245,10,121.0,0.29132566029988877,0,6.0,0.9413062668981476,1,49.0,0.34031003280209443,34,1755.0,0.055257407447905776,2,9.0,0.394651900811383,76,18858.0
2320.0,82,5428.0,25.725118483412324,6.5463026731527,23,16769.0,0.09154535914905063,4,169.0,0.3995522107886385,0,11.0,0.9048065497780267,3,29.0,0.4086143521118659,7,123.0,0.2747105183767617,0,0.0,0.7401160100533931,3,43.0,0.3228023639033654,34,1915.0,0.06363690432964512,3,24.0,5.57211517302937e-05,77,19083.0
2325.0,74,5686.0,27.076190476190476,6.4532912768574295,22,16785.0,0.018939984964462375,4,189.0,0.3847540858942852,1,4.0,0.5614779807638074,4,43.0,0.5317816595541309,3,104.0,0.3155538094781859,0,22.0,0.8707558487434343,2,39.0,0.5401451499381797,34,2075.0,0.025905748865429436,2,29.0,0.5696420251878382,72,19290.0
2330.0,75,5895.0,28.616504854368934,6.00220029138376,22,16799.0,0.09313231199146327,5,210.0,0.17812345323277554,2,7.0,0.44906479095605045,5,77.0,0.5584839571504022,4,95.0,0.2628956880830871,0,22.0,0.9668173712213652,0,23.0,0.5921793912451916,32,2358.0,0.027134266172969677,0,32.0,0.8406727123858181,70,19623.0
2335.0,70,5758.0,28.08780487804878,6.093295598517402,22,16828.0,0.07015742588275496,7,241.0,0.00029209103631668807,2,15.0,0.6567209112085812,6,94.0,0.5047472678203391,5,99.0,0.18455318100342294,0,0.0,1.0,0,4.0,0.7075799323065209,23,2225.0,0.11361942299503612,0,34.0,0.8184955189507707,65,19540.0
2340.0,65,5585.0,26.85096153846154,6.321295969307091,21,16845.0,0.09474233332471287,7,276.0,2.7310537656397965e-06,2,21.0,0.6556851865413272,6,73.0,0.3534378567479252,8,99.0,0.3030682893731298,0,0.0,0.7897417713456263,0,4.0,0.6470318848433099,15,1714.0,0.20010640845551975,1,71.0,0.6941842951620327,60,19103.0
2345.0,63,5453.0,26.6,6.2069207731716896,23,16881.0,0.15887906773362825,7,311.0,0.0,3,21.0,0.5192733251656252,5,48.0,0.3649816328421878,6,89.0,0.46788002039554594,0,0.0,0.9168771332478007,1,20.0,0.5829642215590731,12,1769.0,0.21538145029938777,2,80.0,0.47422921641957055,59,19219.0
2350.0,65,5493.0,26.926470588235293,6.34690529059699,23,16912.0,0.09786893099007608,7,346.0,0.0,1,15.0,0.649267072688814,8,66.0,0.23635281503196007,1,69.0,0.5378931832135051,0,0.0,0.8294890535065997,2,28.0,0.5676012259975196,11,1818.0,0.2178001757482535,4,97.0,0.29733692056914673,57,19351.0
2355.0,70,5698.0,27.660194174757283,6.17331007322595,25,16942.0,0.013183835495199579,7,381.0,0.125,1,16.0,0.7793498471578967,6,32.0,0.38737758219534124,0,32.0,0.6121116486747585,0,0.0,0.9651682437252099,4,32.0,0.3764059533089354,17,1890.0,0.1428664434946638,2,57.0,0.5221157159168082,62,19382.0
2360.0,70,5888.0,29.004926108374384,5.900852600376537,23,16965.0,0.031246102216864257,7,416.0,0.21614595276613383,1,5.0,0.7953821891195015,2,40.0,0.5114402953619144,2,38.0,0.4978109009850073,0,0.0,0.8666574703704071,2,30.0,0.33737467274328076,23,1967.0,0.06760859159064532,0,11.0,0.8370823732503826,60,19472.0
2365.0,74,6128.0,30.03921568627451,6.082144004000651,23,16990.0,0.0,7,451.0,0.11254178600100014,0,0.0,0.9768805333001369,2,35.0,0.5997490659626877,6,59.0,0.3480662921659167,0,10.0,0.9718570626938884,0,19.0,0.6068253523814624,29,2088.0,0.06397769121420284,0,4.0,0.7439985179431498,67,19656.0
2370.0,82,6459.0,31.202898550724637,6.267584262650658,21,16995.0,0.0,7,486.0,0.0,0,0.0,0.9094161338545623,4,48.0,0.37997324620105666,8,87.0,0.39371321859028935,0,10.0,0.9885732328751411,1,53.0,0.4828613815129222,33,2240.0,0.03047607011562342,1,6.0,0.6287294190608156,75,19925.0
2375.0,85,6800.0,33.00970873786408,6.0462742937324805,21,17024.0,0.010984088682524082,7,521.0,0.12497610943255358,1,3.0,0.715018406222693,4,64.0,0.5033992711032756,7,85.0,0.3310124432019169,0,0.0,1.0,2,51.0,0.6137727915150407,35,2412.0,0.02746383632683556,1,7.0,0.4725484347184552,78,20167.0
2380.0,82,7096.0,34.95566502463054,5.9027076924560715,21,17049.0,0.07493667780678778,7,556.0,0.12447007560884156,0,4.0,0.8486732759772556,5,93.0,0.43164032262838176,2,55.0,0.42431557940581627,0,0.0,0.9808729055225922,2,32.0,0.5948532859796705,35,2587.0,0.0004825037198148035,1,12.0,0.5062307903238176,73,20388.0
2385.0,78,7372.0,36.67661691542288,6.114640299600465,21,17077.0,0.19058442866498607,7,591.0,0.11518409725385287,1,6.0,0.6237204080132255,3,45.0,0.5375187859894024,3,41.0,0.3783717341345048,0,0.0,0.9499072660530696,2,36.0,0.4713787415796563,36,2766.0,0.02703255754706223,0,0.0,0.8974801944764383,73,20562.0
2390.0,77,7587.0,38.31818181818182,5.90603545102497,22,17103.0,0.14983924217247446,7,626.0,0.21888123798322226,2,20.0,0.6394718635559549,2,10.0,0.650384466129887,6,56.0,0.28247303542032337,0,0.0,0.9392197126354596,2,79.0,0.5569185128427924,34,2630.0,0.0544758282822856,0,0.0,0.946020771285697,75,20524.0
2395.0,66,7423.0,37.68020304568528,5.6082904721887115,23,17131.0,0.11241480391226986,7,661.0,0.12379511235763815,0,8.0,0.7621551476148538,4,29.0,0.5344754020000378,3,38.0,0.31643788571546383,0,0.0,1.0,1,83.0,0.6567662947561983,24,2342.0,0.15484709770108407,0,0.0,0.6532225044181117,62,20292.0
2400.0,56,7284.0,36.78787878787879,6.367459117930504,21,17145.0,0.04680197895631163,7,696.0,0.0,1,9.0,0.669185508763901,2,22.0,0.632259475165667,1,16.0,0.6521827720955204,0,0.0,0.9903218038660906,2,127.0,0.39937470312258416,16,1889.0,0.2594490916013674,1,7.0,0.7034144520913904,51,19911.0
2405.0,53,6897.0,34.3134328358209,7.118265798757689,23,17179.0,0.060639897400687974,6,440.0,0.0,2,18.0,0.6698376303113045,2,16.0,0.7111061442167059,1,16.0,0.8070304403077344,0,0.0,0.9207927970326475,4,179.0,0.3675266960854364,9,1815.0,0.24810648087541715,1,12.0,0.7030003636912503,48,19675.0
2410.0,47,6396.0,31.82089552238806,6.974013871815393,23,17214.0,0.060999767145439567,0,226.0,0.6202128363490622,1,11.0,0.3536207354860372,2,21.0,0.6620811722152111,0,8.0,0.9523277480521181,0,0.0,1.0,3,168.0,0.36682227513339316,9,1862.0,0.17854421373220858,2,14.0,0.5544311862928346,40,19524.0
2415.0,44,6437.0,31.70935960591133,7.215107479841569,22,17243.0,0.05520677322937477,0,0.0,0.8876906410371641,3,25.0,0.5024400657158191,2,21.0,0.5734293741774595,0,4.0,0.6036960435947785,0,0.0,0.9059329638268523,1,151.0,0.4033549692625027,14,1924.0,0.14514710021083801,0,2.0,0.9206593241718187,42,19370.0
2420.0,57,6661.0,32.49268292682927,7.300843985479889,22,17249.0,0.05192456205327724,0,0.0,0.9046348837960965,3,36.0,0.48089331065632507,3,36.0,0.5043565822660012,3,9.0,0.5386458649321991,0,0.0,0.9293837210654736,2,82.0,0.562258305042701,20,2000.0,0.05694035547162496,0,2.0,0.9157052795030717,53,19414.0
2425.0,68,6927.0,34.46268656716418,6.599489308066921,23,17286.0,0.07989266966642533,0,0.0,0.961304601628997,1,14.0,0.8013622049627835,4,52.0,0.5100546811254474,2,13.0,0.30536439074653177,0,0.0,0.9086567502059463,3,42.0,0.3903041415139925,27,2124.0,0.03951336078913308,1,6.0,0.5990207839927235,61,19537.0
2430.0,76,7213.0,35.532019704433495,6.153295549292751,22,17300.0,0.08477669346235656,0,0.0,0.9287915230628062,1,2.0,0.5213167163951696,5,79.0,0.42163928300898057,1,10.0,0.5455284000580127,0,0.0,1.0,3,32.0,0.3280478639097219,31,2269.0,0.05882562094464101,2,9.0,0.567482313668428,65,19701.0
2435.0,78,7558.0,38.17171717171717,6.376886534511186,21,17324.0,0.08677460823586945,0,0.0,0.9538633482638811,3,17.0,0.5951796730914748,5,104.0,0.41647395826457473,1,13.0,0.48752165856279006,0,0.0,1.0,1,26.0,0.5592055409170176,33,2438.0,0.09059361878603318,2,13.0,0.3907290889505526,66,19935.0
2440.0,77,7875.0,40.38461538461539,6.241679635831317,21,17345.0,0.04670470037219392,0,0.0,0.6471389028059988,0,4.0,0.9459687867485123,5,125.0,0.37449681086304465,0,4.0,0.6811213726788625,0,3.0,0.9550974181248902,2,39.0,0.4757079591236484,35,2607.0,0.026167134621531606,3,27.0,0.017919994458062243,66,20154.0
2445.0,76,8179.0,41.10050251256281,6.495395665728181,21,17372.0,0.1212957577307118,1,5.0,0.6575935558312028,0,4.0,0.8195992233845821,5,150.0,0.31093292127521976,0,0.0,0.9759958787718247,0,3.0,0.9204319280182449,4,58.0,0.30785131686021844,36,2787.0,0.02180599225320576,2,23.0,0.3114120280532672,69,20402.0
2450.0,76,8429.0,42.786802030456855,6.827193263191048,21,17397.0,0.14348582769141188,1,10.0,0.49957157547133324,1,8.0,0.7765165755380632,5,186.0,0.4457781565121278,0,0.0,0.9493471605896507,0,0.0,0.9119309968919056,3,73.0,0.485017539328366,34,2621.0,0.05242414811027355,0,32.0,0.688100080385269,65,20327.0
2455.0,64,8193.0,42.671875,6.655015555914815,22,17424.0,0.0735889465154935,1,15.0,0.0,2,14.0,0.6904448898028839,7,216.0,0.2526474984302164,0,0.0,0.7954843937366163,0,7.0,0.7369700991636786,4,128.0,0.40504713732207553,24,2335.0,0.1510709908912781,0,51.0,0.9501628635970767,60,20190.0
2460.0,53,7887.0,42.1764705882353,6.580479754784244,24,17455.0,0.03901752071711985,1,20.0,0.0,0,22.0,0.9074488025542757,7,144.0,0.09514645287170352,1,12.0,0.7030736689220671,0,1.0,0.9580908870407665,2,55.0,0.3889686973170357,15,1919.0,0.19510792262161822,1,52.0,0.49811682054853146,51,19680.0
2465.0,47,7653.0,41.145161290322584,6.754187378890925,23,17494.0,0.1209870336361078,1,25.0,0.0,1,25.0,0.7154773920999237,2,62.0,0.3740630267458422,1,13.0,0.733117773882416,0,0.0,0.9287107591607422,4,62.0,0.398408058430169,10,1980.0,0.17783460389447348,3,64.0,0.36519603041850307,45,19725.0
2470.0,53,7691.0,40.6931216931217,7.138089763249557,23,17521.0,0.09017388525032541,1,30.0,0.5,3,38.0,0.5411721367186861,2,20.0,0.4040098622118995,1,7.0,0.7015005754702035,0,8.0,0.8125476089071385,5,89.0,0.35955679956636893,10,2028.0,0.23442700218194104,4,84.0,0.48001935881935787,49,19825.0
2475.0,52,7794.0,40.80628272251309,6.554133622793098,23,17543.0,0.08468976519515226,1,35.0,0.49690704049308726,0,8.0,0.7133741418356484,0,4.0,0.5989529068075022,1,8.0,0.6520641026361285,0,19.0,0.91902224800479,5,70.0,0.33849229586302493,15,2094.0,0.2003362048369659,2,34.0,0.4222818310137772,47,19815.0
2480.0,55,7971.0,41.30051813471503,7.187017398324078,21,17573.0,0.12063199531178058,1,44.0,0.4745479429923413,1,7.0,0.6268679247083035,1,11.0,0.7431619453471308,1,8.0,0.7117662765743835,0,19.0,0.7169671145459375,4,76.0,0.46311533791079773,20,2159.0,0.15413225962746688,2,15.0,0.3123927487166506,51,19912.0
2485.0,64,8259.0,42.79274611398964,7.241344281328922,22,17599.0,0.0734379030667218,1,49.0,0.7202481786756153,1,16.0,0.8022783885054042,2,13.0,0.7386094413272132,1,8.0,0.6324089045076702,0,2.0,0.9389653499117778,4,66.0,0.41424719210253663,28,2287.0,0.11915469263900524,2,24.0,0.42992752894466024,61,20064.0
2490.0,70,8511.0,45.03174603174603,6.225732758135068,21,17616.0,0.08672871646822143,1,54.0,0.6995414630757246,0,4.0,0.8022056662763452,3,26.0,0.5913980620260728,2,14.0,0.3825530570059036,0,4.0,0.9549198372206174,6,54.0,0.28500855733118596,33,2439.0,0.057715050060967346,1,6.0,0.7021294105528441,67,20217.0
2495.0,71,8755.0,46.078947368421055,6.106575081302994,23,17653.0,0.11410066382934371,1,59.0,0.5975454440266308,2,9.0,0.46363804595486896,3,33.0,0.48836699493790814,3,28.0,0.38688973445056724,0,0.0,1.0,4,141.0,0.27966541038767306,30,2583.0,0.07390039746181619,2,16.0,0.5440237365404911,68,20522.0
2500.0,79,9070.0,47.98941798941799,5.905269328364321,23,17684.0,0.11453617379684022,1,64.0,0.7161954964787751,4,31.0,0.4342364486957358,4,48.0,0.4483208443988323,1,17.0,0.5494240222041006,0,0.0,1.0,6,93.0,0.21299326389021375,32,2730.0,0.11912375355808337,4,25.0,0.39277054239793197,75,20692.0
2505.0,74,9341.0,49.68617021276596,6.442322296694077,24,17708.0,0.038480263548242,1,65.0,0.7597507249392804,1,16.0,0.7650142729813686,4,76.0,0.42278004968341343,1,13.0,0.7253556061136351,0,0.0,1.0,5,86.0,0.2899509338845879,32,2890.0,0.1036301677772453,2,40.0,0.6403196339721714,70,20894.0
2510.0,70,9488.0,50.2010582010582,6.923378321047477,21,17702.0,0.11975712324119635,2,75.0,0.47749633494331645,0,8.0,0.8100386130319945,5,101.0,0.5189477263756445,2,20.0,0.7376467089053613,0,1.0,0.9471063201977794,3,55.0,0.23535989807872584,30,2715.0,0.08927186839527752,1,45.0,0.7223878592194828,64,20722.0
2515.0,61,9265.0,48.76315789473684,6.592507551029974,21,17735.0,0.122190047114533,3,88.0,0.31747998498244345,1,13.0,0.7717318964978236,3,41.0,0.5093805621657121,1,16.0,0.5405744715326822,0,0.0,0.9684593974994968,3,40.0,0.20302279750107718,23,2530.0,0.13421403069303958,3,24.0,0.5230784299066626,58,20487.0
2520.0,55,9057.0,48.693548387096776,6.472232497800877,21,17764.0,0.13170681663214853,3,103.0,0.3804732819736601,0,8.0,0.9093927390730485,3,22.0,0.4687351813499064,3,20.0,0.39787431333115825,0,0.0,1.0,4,33.0,0.27042908588327835,15,1930.0,0.24489732010453658,3,35.0,0.44722400894316866,52,19915.0
2525.0,56,8962.0,47.41798941798942,6.857258581121505,23,17800.0,0.15794442836780503,3,118.0,0.37864066101112803,0,12.0,0.9127712638419009,5,45.0,0.21996526865800212,4,40.0,0.5075241427854003,0,0.0,1.0,2,29.0,0.40698400631196424,12,1998.0,0.2677251080002456,6,57.0,0.26388883361678345,55,20099.0
2530.0,61,9132.0,48.83422459893048,6.469468992833304,24,17828.0,0.015015881134976927,3,133.0,0.4643470044324402,2,18.0,0.6937208211571987,6,47.0,0.4844289684739888,3,33.0,0.6268771442905223,0,0.0,1.0,2,44.0,0.4906992019830797,14,2057.0,0.1640873799537857,7,85.0,0.12529256432282954,61,20245.0
2535.0,62,9303.0,48.70680628272251,6.48393670099963,24,17859.0,0.06073549201167251,3,144.0,0.5370085272737319,2,12.0,0.5923783225694809,2,42.0,0.4595663239111665,1,15.0,0.4794140752780882,0,0.0,0.836757905200561,2,35.0,0.4293537719551738,22,2150.0,0.09258551335358152,5,91.0,0.35161125010255107,61,20348.0
2540.0,61,9471.0,49.07253886010363,6.651145351107113,21,17861.0,0.11098576988011982,4,162.0,0.3288473828878932,3,23.0,0.5913498349256561,2,26.0,0.5963628470651717,2,19.0,0.5787101506751193,0,0.0,0.9898491116831185,2,29.0,0.29562863634881786,26,2236.0,0.0804226404110385,1,57.0,0.7219650898918698,61,20413.0
2545.0,68,9675.0,50.390625,6.614157115792874,22,17875.0,0.02492393246900421,5,186.0,0.3470623792286866,3,38.0,0.5912085864202324,3,27.0,0.5919848557485335,2,7.0,0.4847565861275045,0,0.0,1.0,4,48.0,0.2210377923763394,28,2343.0,0.114244397763929,1,47.0,0.7517561457217191,68,20571.0
2550.0,73,9962.0,51.885416666666664,6.042576619788076,21,17895.0,0.01176642249789428,5,211.0,0.35497830375531286,2,22.0,0.6837702978356939,3,42.0,0.5583854805087347,3,16.0,0.3457437072770925,0,0.0,1.0,2,19.0,0.3255498255180266,31,2431.0,0.11427631157319262,4,60.0,0.26188027772068506,71,20696.0
2555.0,79,10294.0,53.33678756476684,6.306223684598197,21,17921.0,0.05675796083813421,5,236.0,0.35321833119013446,1,1.0,0.6099321017961173,3,57.0,0.4033484434512495,5,37.0,0.4208624946069648,0,0.0,0.5062943666106571,0,10.0,0.7222789188695872,34,2593.0,0.05798348397153514,6,89.0,0.3187789402367667,75,20944.0
2560.0,85,10683.0,55.931937172774866,6.307551584321772,21,17949.0,0.05741448051104917,5,261.0,0.24904869379796196,2,10.0,0.5717067730185139,4,77.0,0.41696996880301435,3,31.0,0.5408737837353383,0,6.0,0.9731199288053265,1,5.0,0.7035477888695308,36,2772.0,0.06545002271852333,6,115.0,0.1413008041476744,78,21226.0
2565.0,82,11015.0,57.369791666666664,5.931437911689862,21,17974.0,0.08436528981259536,6,288.0,0.11387016936083838,1,9.0,0.539364748679646,4,101.0,0.45712367611515115,0,19.0,0.36858480011877165,0,0.0,0.9494943000393266,2,7.0,0.434407205142973,38,2960.0,0.048202908841185985,5,127.0,0.26017133924217273,77,21485.0
2570.0,80,11195.0,58.61256544502618,5.775492505586092,21,17999.0,0.11831442829496275,7,319.0,0.22030402306310792,2,8.0,0.46704774567577345,4,121.0,0.4382549074751479,1,1.0,0.41577690733577316,0,0.0,0.9243316293653926,1,10.0,0.43410642190445187,36,2799.0,0.03759833145394386,3,89.0,0.3391646637597313,75,21346.0
2575.0,71,11087.0,58.35263157894737,5.736061020954056,21,18031.0,0.09694149788904909,7,354.0,0.29254339096294846,2,18.0,0.5423596054612919,5,144.0,0.5097644787624618,1,1.0,0.46083922627840695,0,0.0,0.9432305916700299,3,42.0,0.18552728831704815,28,2447.0,0.06443469745459045,3,119.0,0.5483803665830518,70,21156.0
2580.0,60,10889.0,57.613756613756614,6.5166778579523355,21,18059.0,0.0910242173209413,7,389.0,0.11574163954140931,0,4.0,0.9362166578488763,6,166.0,0.3812442252389002,1,14.0,0.6473999417355241,0,1.0,0.9228998190592921,4,55.0,0.3301998837985538,20,2118.0,0.13990577602547463,1,53.0,0.6857655568560187,60,20859.0
2585.0,51,10675.0,57.0855614973262,6.8677180063041,21,18086.0,0.1399524458837822,7,428.0,0.12293455379837923,0,4.0,0.9427621339944823,4,91.0,0.17878287526047074,1,19.0,0.723571679494135,0,6.0,0.949616159984337,1,37.0,0.5517750081967467,15,2068.0,0.18302913829380182,2,30.0,0.43941705187315105,51,20769.0
2590.0,57,10697.0,58.13586956521739,6.396446858985975,22,18111.0,0.15622592490238868,7,463.0,0.12223407717878948,2,7.0,0.5166712636683998,3,47.0,0.21697639070790312,0,12.0,0.8978475604227768,0,6.0,0.8391656011958295,1,14.0,0.34121152944060457,15,2143.0,0.1785653371950222,5,51.0,0.31649439082981573,55,20854.0
2595.0,59,10940.0,58.81720430107527,6.400856785937297,21,18124.0,0.1054037720102636,7,498.0,0.20804766549314202,1,8.0,0.7186037778550978,3,28.0,0.34108546491946024,0,10.0,0.8469161732033959,0,0.0,1.0,3,23.0,0.23762187516079517,21,2236.0,0.14942459840145741,2,30.0,0.4706393875400946,58,20957.0
2600.0,59,11068.0,58.87234042553192,6.756896348729044,23,18161.0,0.10468523002209953,7,533.0,0.12447337149403254,1,8.0,0.8190479710138991,1,6.0,0.6811288380437184,0,6.0,0.8834090663910908,0,9.0,0.9206831463480184,0,26.0,0.9460354756369386,26,2256.0,0.058914550977945096,0,0.0,0.8965574205353042,58,21005.0
2605.0,65,11225.0,59.078947368421055,6.71369872432922,23,18196.0,0.08616420037387963,7,572.0,0.22429213293426767,1,9.0,0.7837593680927853,4,15.0,0.5502609416295807,0,10.0,0.705930382726889,0,3.0,0.9461390348014956,0,26.0,0.7752768465059409,30,2331.0,0.0758111100093348,0,4.0,0.8664997675068064,65,21166.0
2610.0,70,11522.0,59.69948186528497,6.65464444830976,21,18199.0,0.11607146087625128,7,603.0,0.2495336353119398,0,0.0,0.88552465178087,5,38.0,0.5240646020882639,2,8.0,0.5716200519243966,0,0.0,1.0,1,13.0,0.5291243219642979,33,2396.0,0.04799660141274774,0,4.0,0.9531483346594524,69,21261.0
2615.0,75,11837.0,60.392857142857146,6.548295842572094,22,18225.0,0.07773183890719071,8,641.0,0.2623224978553493,1,1.0,0.8144756350726261,5,28.0,0.32799103323928147,2,18.0,0.6497861691200476,0,0.0,0.9871445679654557,3,26.0,0.42219402660838806,32,2548.0,0.08722199753421528,0,4.0,0.9444937148196139,73,21491.0
2620.0,77,12142.0,62.266666666666666,6.414273338656489,22,18263.0,0.1804425748375663,8,681.0,0.2626130313562061,1,10.0,0.8227543553152978,5,29.0,0.43466289517187884,1,9.0,0.6727137323919467,0,0.0,0.9328339444020209,3,8.0,0.3769692005336327,34,2714.0,0.05856405615531798,0,4.0,0.8333590496176011,74,21718.0
2625.0,80,12491.0,62.768844221105525,6.3388522015921245,23,18277.0,0.09128018385917697,8,721.0,0.1495756899754571,1,2.0,0.7484369784922703,6,62.0,0.2167458203120746,1,19.0,0.7936576515530891,0,0.0,0.7384550399003897,2,9.0,0.4107340564468832,36,2891.0,0.07494747045432383,0,0.0,0.5005889827006588,77,21981.0
2630.0,78,12730.0,65.28205128205128,6.326132944835812,23,18307.0,0.08907055745030962,9,764.0,0.044607570054231764,2,11.0,0.7241921212418835,5,43.0,0.3657531659234291,1,24.0,0.7135062954623204,0,0.0,0.9371462241391268,2,24.0,0.45780432549355593,34,2702.0,0.07878740410091041,1,5.0,0.6402723680257851,77,21880.0
2635.0,66,12555.0,64.71649484536083,6.508893827302667,24,18366.0,0.11970453574046241,10,813.0,0.0,2,21.0,0.6639918592453813,1,22.0,0.6607499127368341,1,16.0,0.6042039059678252,0,10.0,0.9828899160521996,0,12.0,0.7046791458629394,24,2501.0,0.127972717659891,1,14.0,0.7778589743350142,63,21775.0
2640.0,63,12437.0,62.813131313131315,6.399200699029562,23,18375.0,0.10140293013337025,10,863.0,0.0,2,20.0,0.6756611017551056,2,20.0,0.5656021600827965,1,16.0,0.5450402817282635,0,5.0,0.7802272087444543,1,7.0,0.5632078146529841,17,1986.0,0.19097479236974446,0,4.0,0.5934815356854828,56,21296.0
2645.0,60,12374.0,61.56218905472637,6.916000429198047,21,18405.0,0.1255407037090964,10,913.0,0.0,1,12.0,0.5623604914419782,3,35.0,0.5586344528511352,2,22.0,0.7038665419076245,0,5.0,0.9679203758466403,3,17.0,0.2813974540001749,12,2050.0,0.21670160537570549,2,17.0,0.5207454976074057,54,21476.0
2650.0,61,12443.0,61.29556650246305,6.7260341214389685,21,18414.0,0.04804295541429733,10,963.0,0.08441791910208428,2,11.0,0.3303806761931846,3,47.0,0.38053691230927966,2,32.0,0.6586054684731323,0,0.0,0.9842445279804619,3,32.0,0.3950954913584329,12,2101.0,0.18715520699196786,3,28.0,0.43479376463884645,56,21628.0
2655.0,66,12693.0,62.52709359605911,6.146026885743504,21,18424.0,0.11282491262377677,10,1013.0,0.08591668982998302,0,4.0,0.8773741997844707,3,65.0,0.4831966334212019,3,24.0,0.4378478999726021,0,0.0,0.9345017703267069,4,55.0,0.23005788837747643,18,2175.0,0.11945584998534516,2,14.0,0.5592802123316585,61,21774.0
2660.0,71,12968.0,64.84,5.981096614827859,22,18453.0,0.062035906688572874,10,1067.0,0.15902623632583465,0,4.0,0.9429761335370905,4,87.0,0.5212543597909044,0,17.0,0.39095551887650315,0,0.0,0.8752382801093688,5,92.0,0.3707889060083747,22,1972.0,0.04977774988327536,1,9.0,0.5492608801452331,64,21701.0
2665.0,72,13167.0,67.17857142857143,6.154687799974946,23,18476.0,0.04436008949145289,10,1117.0,0.21832477920844498,0,4.0,0.9222839813010137,6,115.0,0.41132435035589054,0,1.0,0.584837067943842,0,0.0,1.0,6,112.0,0.3313976946146633,19,1730.0,0.1643502336001265,1,11.0,0.6696202684858814,65,21566.0
2670.0,62,13177.0,67.2295918367347,6.1101664295197065,22,18497.0,0.019387814912034812,9,1131.0,0.300223455524192,0,4.0,0.952380261201041,3,62.0,0.5979026196623597,2,12.0,0.6636957331853597,0,0.0,1.0,5,42.0,0.38530939764251737,13,1299.0,0.23358350791760382,0,4.0,0.9145611172871833,54,21051.0
2675.0,46,13105.0,67.2051282051282,6.835961673174995,21,18520.0,0.1064388292519751,10,1179.0,0.22354181974908122,0,4.0,0.9133491158691996,3,22.0,0.4573926804624038,2,26.0,0.6873445244055886,0,2.0,0.9534470476819366,1,16.0,0.5940515884821486,4,1239.0,0.2998802006206414,0,0.0,0.7110591194848352,41,21008.0
2680.0,59,13286.0,67.44162436548223,6.6845185911185565,21,18545.0,0.04325917187249477,11,1234.0,0.15016081137505682,0,4.0,0.940975039666444,6,46.0,0.2776239059240186,3,36.0,0.6477266127262435,0,2.0,0.9883841786760643,2,19.0,0.36752720888149437,8,1265.0,0.266220612009496,3,9.0,0.5014042105738932,54,21160.0
2685.0,68,13104.0,64.55172413793103,5.8830500020493055,21,18576.0,0.10865958820251397,9,868.0,0.188821722807387,0,0.0,0.9182869709468108,7,59.0,0.22897830698086968,2,22.0,0.592331763181733,0,0.0,1.0,4,30.0,0.24118293737509922,16,1332.0,0.09806685364074652,2,5.0,0.22722301909444168,61,20892.0
2690.0,61,12429.0,59.4688995215311,6.501149538303063,21,18602.0,0.1433780933534065,1,569.0,0.40877334583587616,1,2.0,0.6194431138885598,2,30.0,0.5040581558639802,1,16.0,0.47557209308035997,0,0.0,0.9760594319109818,4,81.0,0.4588720678507275,20,1198.0,0.075312566334806,2,15.0,0.4910317453116626,52,20513.0
2695.0,53,12502.0,59.81818181818182,6.912255306345762,23,18643.0,0.1343663522618058,0,121.0,0.5778995964841654,2,12.0,0.7084062803236008,4,33.0,0.5177440567457235,1,19.0,0.5738004607494042,0,0.0,0.9346933640428803,4,128.0,0.33060456117296577,13,978.0,0.221034481845696,2,29.0,0.470406631094491,49,19963.0
2700.0,45,12554.0,60.94174757281554,7.0438844286632065,21,18656.0,0.1224206206227889,3,128.0,0.26324959152330146,0,0.0,0.8376188243622074,4,48.0,0.5940630822911585,2,18.0,0.583489591127233,0,0.0,0.4114560431493946,4,140.0,0.26449874245456473,4,633.0,0.2616112120365461,1,9.0,0.48251889751986043,39,19632.0
2705.0,52,12717.0,63.26865671641791,7.2164941258877535,22,18687.0,0.1469572962813986,5,154.0,0.3522687077879898,1,3.0,0.5767763665968615,4,68.0,0.5606359255736988,3,22.0,0.6111029300091996,0,0.0,0.9360842308782731,2,103.0,0.4223981752342899,6,659.0,0.34075116594357374,2,11.0,0.6572623441378137,45,19707.0
2710.0,66,13013.0,62.86473429951691,7.211498327608195,23,18716.0,0.0006946049465089209,5,179.0,0.35734207976849314,4,21.0,0.5676143695029225,4,92.0,0.4670399390208043,3,37.0,0.5920397767511961,0,12.0,0.9160850591601702,3,90.0,0.45294739289471014,12,707.0,0.16971428518940368,2,21.0,0.3873790307125004,56,19875.0
2715.0,71,13228.0,65.48514851485149,6.399336253386409,23,18743.0,4.2522551580898464e-07,5,204.0,0.2548655223959359,1,10.0,0.7219762951235273,4,112.0,0.4238869608943736,3,26.0,0.48440459532588204,0,30.0,0.9380066799556609,2,47.0,0.6065732577275879,19,786.0,0.08894580883535755,3,11.0,0.05068867391696919,60,19969.0
2720.0,60,13223.0,67.12182741116752,6.877951936160579,21,18755.0,0.06489018371656173,6,236.0,0.2889608624566321,1,2.0,0.8145939107954331,5,147.0,0.408989808473336,0,13.0,0.26244636583238995,0,0.0,0.9062327528347704,1,16.0,0.5582765941035809,19,745.0,0.03832144951007273,1,9.0,0.544128232960443,54,19923.0
2725.0,61,13470.0,68.72448979591837,7.557446322164195,21,18770.0,0.07990541065669335,7,271.0,0.3811827355860585,1,11.0,0.8226749620197643,5,172.0,0.5458744025037662,0,2.0,0.40541594907627426,0,0.0,0.5457829339307301,3,26.0,0.4251931588794618,17,797.0,0.16539409946561992,1,25.0,0.7392503265946654,55,20074.0
2730.0,60,13672.0,69.75510204081633,7.0339768957370365,21,18795.0,0.027220100094867014,8,308.0,0.2623521929705646,1,5.0,0.733386939686107,6,184.0,0.473198317183188,4,10.0,0.2147241626704575,0,0.0,1.0,0,4.0,0.8191162132860083,17,864.0,0.19069427785096318,0,15.0,0.8232555653436113,57,20185.0
2735.0,64,13812.0,70.83076923076923,6.7893218554497325,21,18828.0,0.1598082583015539,8,348.0,0.25595820676865255,1,7.0,0.8044803406197073,4,73.0,0.387784096975267,5,34.0,0.31309094706379986,0,2.0,0.9283711825417058,1,28.0,0.5271210492432441,18,956.0,0.23407042062650202,2,24.0,0.6534756112011115,60,20300.0
2740.0,70,14061.0,71.01515151515152,6.828376863242252,21,18845.0,0.09250955269783273,8,388.0,0.26487195036029126,1,16.0,0.7188540353451733,5,20.0,0.3533082335713283,5,63.0,0.40609490184877906,0,2.0,0.9733807247993804,2,46.0,0.6093722083560832,21,1049.0,0.10144744975852937,2,26.0,0.6686257925537145,65,20455.0
2745.0,71,14311.0,73.38974358974359,6.266502327866137,21,18870.0,0.03786390109301655,8,409.0,0.294680182819696,2,9.0,0.51872932654945,6,45.0,0.3285607711224732,3,51.0,0.5356993471567224,0,0.0,1.0,0,79.0,0.6186723541891056,23,1162.0,0.1455111807387445,2,23.0,0.26724527963280803,65,20648.0
2750.0,72,14553.0,74.63076923076923,6.0758799360448315,23,18907.0,0.10992073207587409,10,453.0,0.0770818028975694,2,12.0,0.3298980054158125,4,38.0,0.23390438929396873,1,24.0,0.5400897016005644,0,17.0,0.9972389481583435,1,59.0,0.533861889348978,22,1266.0,0.1595940304694153,2,14.0,0.43674074419712716,65,20790.0
2755.0,80,14871.0,74.7286432160804,6.166646401892261,23,18943.0,0.16100434854758558,11,505.0,0.1498206409233139,2,18.0,0.31074639298464035,2,28.0,0.5772506561598235,2,20.0,0.23334427910690708,0,0.0,1.0,4,35.0,0.42092145559762983,24,1370.0,0.13154668776934775,4,32.0,0.23267286293736184,72,20951.0
2760.0,73,15135.0,75.29850746268657,5.8535297176202725,23,18965.0,0.10608079878572572,11,560.0,0.26107165088312284,0,0.0,0.9417429299418438,2,26.0,0.5964225661541476,1,8.0,0.5222865987639101,0,0.0,1.0,1,37.0,0.3848009587886185,24,1487.0,0.06411753880510736,3,14.0,0.3277032464791274,65,21097.0
2765.0,73,15312.0,76.17910447761194,6.440548933223556,23,18997.0,0.23947014574103304,11,615.0,0.20156434071928692,0,0.0,0.9597220813919312,5,37.0,0.47273027623514247,1,9.0,0.8148387376722358,0,0.0,0.9573423681582155,2,89.0,0.3888851158229394,23,1591.0,0.1285141716217321,3,23.0,0.47136492910270467,68,21361.0
2770.0,74,15638.0,77.41584158415841,6.567029175844207,25,19022.0,0.11271959938265572,11,670.0,0.056944177765094715,0,0.0,0.9205939758752358,5,63.0,0.360180739109603,1,14.0,0.6412072804159367,0,0.0,1.0,3,147.0,0.4580126276232869,24,1709.0,0.09731004025762201,3,69.0,0.5705590996609177,72,21694.0
2775.0,83,15952.0,80.9746192893401,5.710793488777593,26,19056.0,0.06624038027614013,11,725.0,0.0,1,3.0,0.49582829632768394,6,87.0,0.22970005982417374,3,18.0,0.5098913665709992,0,0.0,1.0,2,171.0,0.4129395008222973,27,1840.0,0.034769498697103794,4,63.0,0.5371344833220586,80,21963.0
2780.0,75,16036.0,79.78109452736318,5.765976268558555,23,19090.0,0.13053989777356423,11,780.0,0.0,1,8.0,0.46541133585090055,4,55.0,0.4672187319973739,3,21.0,0.5473354586397307,0,0.0,1.0,1,160.0,0.3516345239164509,25,1696.0,0.08365271262914198,2,25.0,0.700455106649176,70,21835.0
2785.0,68,15581.0,79.9025641025641,6.148860806394887,23,19100.0,0.12555977037730806,11,835.0,0.08157129782888395,1,5.0,0.4744632991336366,1,33.0,0.7661049904455876,5,41.0,0.36437228599886007,0,0.0,1.0,4,47.0,0.4107757341525323,16,1516.0,0.14293386102085226,3,31.0,0.3784411742050518,64,21608.0
2790.0,50,15182.0,77.45918367346938,6.309371160591374,23,19119.0,0.09299635173802269,11,890.0,0.07822414706806122,0,0.0,0.7762165812753848,1,16.0,0.6610038111988383,0,12.0,0.8036396474694553,0,0.0,1.0,1,59.0,0.4846037412656157,9,1114.0,0.23786454694602255,2,7.0,0.11251734695405204,47,21217.0
2795.0,45,15164.0,77.76410256410256,7.056545412638814,23,19143.0,0.1440968527300471,11,949.0,0.1989489662149468,0,0.0,0.9448257396360595,0,15.0,0.6209215614081578,1,10.0,0.8543439471447306,0,0.0,0.9846729989900449,2,66.0,0.47160112959749256,3,1051.0,0.33936116888502815,0,0.0,0.8850937600513104,40,21234.0
2800.0,53,15393.0,77.74242424242425,7.10506303390611,24,19176.0,0.06097800610194548,11,1004.0,0.20102684097925888,1,2.0,0.7528996210437777,1,15.0,0.7926755918043067,1,15.0,0.6828561166822751,0,1.0,0.7556546470903527,4,107.0,0.3968486851822436,7,1081.0,0.2226713476542023,0,4.0,0.8698648806084313,49,21405.0
2805.0,57,15571.0,77.46766169154229,6.7452632384020506,24,19209.0,0.08656709664393453,11,1059.0,0.15156975266586342,0,4.0,0.9010827977599756,1,12.0,0.7534947298320073,1,25.0,0.5238584636296498,0,1.0,0.6255329231088526,3,102.0,0.33429672352863904,14,1138.0,0.13856855018353006,0,8.0,0.8003671243008684,54,21558.0
2810.0,65,15826.0,79.92929292929293,6.72033940384417,23,19235.0,0.13562977616406766,11,1114.0,0.08114800531467113,0,0.0,0.9218585565755367,1,5.0,0.7103835690794322,3,22.0,0.46612849155776803,0,0.0,1.0,0,49.0,0.49759682553499596,21,1232.0,0.1025294742347849,2,6.0,0.39570738540664274,61,21663.0
2815.0,69,16135.0,81.48989898989899,6.888605687222101,24,19249.0,0.07004724546185173,12,1173.0,0.07564296011496661,0,4.0,0.9439896966335167,1,17.0,0.5202127082151371,2,21.0,0.42120986740507266,0,0.0,0.7813130284262351,0,42.0,0.8261646108609464,24,1347.0,0.1129387516276167,3,25.0,0.36555163799678514,66,21878.0
2820.0,69,16401.0,84.54123711340206,6.568214822692753,23,19264.0,0.10127405109062274,12,1233.0,0.10082388155620774,0,4.0,0.8660499677052628,1,22.0,0.7619614082642082,3,25.0,0.31473255433521,0,0.0,0.9745074778920662,0,18.0,0.6979683359527746,26,1471.0,0.04758078172708398,1,37.0,0.765375272056333,66,22074.0
2825.0,68,16687.0,86.91145833333333,6.332937643623676,22,19284.0,0.09916160457136411,13,1296.0,0.06803163636142054,1,8.0,0.7030846242192434,1,27.0,0.7640177752827484,2,27.0,0.472613459205337,0,0.0,1.0,2,17.0,0.4635760064823791,25,1597.0,0.18804239120504376,0,26.0,0.7405769355366162,66,22282.0
2830.0,74,17038.0,87.37435897435897,6.013097477581589,23,19306.0,0.039672645536937653,13,1361.0,0.07091815768729813,3,24.0,0.648682279415944,1,29.0,0.42920072195946535,2,27.0,0.48304319627512754,0,0.0,0.9791495261489173,1,8.0,0.5391266755821797,27,1728.0,0.14406899037750123,2,33.0,0.5612419693260589,72,22516.0
2835.0,77,17374.0,90.02072538860104,5.626518425180123,23,19334.0,6.954542841308883e-07,13,1426.0,0.045167683904819185,2,17.0,0.7009242040253407,2,35.0,0.614532481884873,1,19.0,0.6498018563701417,0,0.0,0.976316517491412,1,8.0,0.5869361169633388,30,1876.0,0.148730348052237,3,20.0,0.36670572676615437,75,22735.0
2840.0,74,17556.0,90.96373056994818,6.001838160540713,21,19351.0,0.07337865372423193,14,1494.0,0.06367972639687267,2,14.0,0.7260361313511899,2,49.0,0.6088115198931969,0,0.0,0.019598256040370948,0,14.0,0.9795035619458735,3,64.0,0.37163343071394284,30,1743.0,0.14432174221378458,2,20.0,0.6263405403543592,74,22749.0
2845.0,69,17461.0,92.3862433862434,6.000576753644588,21,19370.0,0.11497135991314207,14,1564.0,0.06429770356776723,2,14.0,0.7685667966873956,2,59.0,0.6330183562610755,1,5.0,0.0,0,0.0,0.9225712569190306,4,47.0,0.35739370512177404,22,1373.0,0.16695802426434342,3,26.0,0.33304742927076,69,22458.0
2850.0,61,17334.0,92.20212765957447,6.348003106582547,21,19395.0,0.18418350389266805,14,1626.0,0.0,1,5.0,0.8233604919600646,2,73.0,0.6872880210912882,0,5.0,0.7275247388097569,0,0.0,0.8266897372753405,3,54.0,0.387420584003411,16,1159.0,0.22794603364329555,3,9.0,0.3292726498295884,60,22326.0
2855.0,57,17333.0,91.70899470899471,6.46980358696742,21,19420.0,0.1912199940538339,14,1691.0,0.061565628424254934,0,8.0,0.9140448707304877,2,87.0,0.5577463525353411,0,4.0,0.8646505842390962,0,0.0,0.9935893380205036,4,34.0,0.31906992971012615,11,1215.0,0.21535491897988018,3,24.0,0.45573997376863584,55,22483.0
2860.0,68,17587.0,93.54787234042553,5.911973286340235,23,19450.0,0.1060084078152601,14,1761.0,0.04908346940450083,0,8.0,0.8127080958034423,2,91.0,0.5589949364076282,0,5.0,0.8503062612574068,0,12.0,0.9385627150180997,4,28.0,0.37929815855460286,16,1283.0,0.14427042426202993,5,44.0,0.3676018412371226,64,22682.0
2865.0,71,17841.0,93.40837696335079,5.730585499802912,25,19488.0,0.023343638776455646,14,1831.0,0.06274394758706107,0,4.0,0.7786387156246211,3,100.0,0.5589013000137816,0,4.0,0.6663894488734923,0,12.0,0.9754866373325783,0,14.0,0.725363496428415,23,1381.0,0.09085833308416288,2,16.0,0.4545698323478258,67,22850.0
2870.0,82,18144.0,94.01036269430051,5.536036851532688,21,19516.0,0.06411488515018995,14,1905.0,0.12044876539000836,3,12.0,0.6213271179175545,3,115.0,0.439766588401905,0,4.0,0.4732864336156515,0,0.0,1.0,0,11.0,0.6221341918601949,27,1297.0,0.07120695194418022,2,5.0,0.5488492209050427,70,22865.0
2875.0,77,18388.0,94.78350515463917,5.968594395201938,22,19533.0,0.0652918161016303,14,1975.0,0.16298294565953791,3,27.0,0.5254365199072333,3,132.0,0.5913329112220265,1,8.0,0.34788942632116776,0,0.0,1.0,0,34.0,0.46896246444909967,21,1214.0,0.16926329435532736,2,15.0,0.3223469091110129,66,22938.0
2880.0,71,18618.0,96.46632124352331,6.25104242153169,21,19549.0,0.08775690531426161,14,2045.0,0.11742359977396495,2,21.0,0.6724413825972976,3,147.0,0.6795877761506015,0,12.0,0.48651893135088375,0,0.0,1.0,2,58.0,0.48431833030062,17,923.0,0.21032409998499635,1,11.0,0.7092585675687476,60,22766.0
2885.0,68,18814.0,97.98958333333333,6.438896413736038,21,19582.0,0.15520951885506878,15,2124.0,0.13565635585373706,0,6.0,0.7223019136116721,4,169.0,0.5386029859278688,3,23.0,0.6106856756917319,0,1.0,0.9004563687103144,2,45.0,0.46079774257418893,11,977.0,0.194811202012608,0,4.0,0.8473361268107719,56,22931.0
2890.0,71,18694.0,95.86666666666666,6.363976969807355,21,19607.0,0.13290200382736267,13,1775.0,0.17111399851175874,2,5.0,0.5361321797380392,5,190.0,0.41259208534688935,3,34.0,0.674053707430009,0,1.0,0.9834709401740178,1,11.0,0.5425494636209587,17,1051.0,0.11347044013398971,1,52.0,0.6952469405152061,63,22726.0
2895.0,66,17408.0,89.27179487179487,6.1514961871007845,21,19624.0,0.1734551408763223,4,1193.0,0.3610873965018696,0,0.0,0.9331938133725806,5,216.0,0.4152086936516559,3,43.0,0.511394313213184,0,0.0,0.9196065808850058,2,7.0,0.4047660329356078,22,1147.0,0.05022574854615571,1,68.0,0.6762408839670871,58,22298.0
2900.0,66,17325.0,88.39285714285714,6.375025815521464,21,19655.0,0.06817683420222566,0,372.0,0.6715553413496653,0,0.0,0.9089933806205165,5,241.0,0.4374103688156835,1,30.0,0.39761146541136533,0,0.0,0.9456998279156761,3,25.0,0.53339533836876,28,1149.0,0.0923868294187978,0,44.0,0.6629567892293273,58,21516.0
2905.0,65,17091.0,86.31818181818181,6.792521852020005,24,19689.0,0.044027330281165816,2,295.0,0.5896395707119411,0,4.0,0.9498559947187483,3,94.0,0.4864384300516449,1,18.0,0.3824410860676311,0,0.0,0.9449638714910794,3,28.0,0.5654699347651693,22,1166.0,0.1845293908923607,1,17.0,0.7726288588303502,56,21311.0
2910.0,62,17206.0,86.8989898989899,7.08976541233847,22,19708.0,0.0009899018486013663,5,315.0,0.5660612380305629,1,6.0,0.7238149530007787,1,27.0,0.7403672446459402,1,14.0,0.33544974501336305,0,0.0,0.9503732188177381,2,64.0,0.47204478702802943,22,1111.0,0.15431909990860718,0,12.0,0.7749008765146854,54,21257.0
2915.0,77,17547.0,89.07106598984771,6.905409661793676,21,19720.0,0.021108114075278715,6,337.0,0.4343717411566906,1,11.0,0.6247467369663794,2,18.0,0.5002456821697373,3,23.0,0.5694201581241324,0,0.0,0.9844969052509901,5,68.0,0.4206136914225517,25,1227.0,0.09957991371474482,3,22.0,0.5914839543749759,66,21426.0
2920.0,84,17934.0,93.40625,6.176962516651034,21,19745.0,0.04028878255693666,7,372.0,0.35968786618614274,1,16.0,0.6276741323037459,2,17.0,0.6107238596213252,5,43.0,0.47833369913891294,0,47.0,0.8967088576989464,5,87.0,0.300128536277843,25,1348.0,0.03702586409058551,6,42.0,0.46425488797469594,72,21717.0
2925.0,81,18219.0,93.91237113402062,6.10052157688129,21,19774.0,0.15606688323883997,9,417.0,0.3836508358712859,0,0.0,0.9496733568598583,1,1.0,0.5343786836199075,6,62.0,0.3504356612885605,0,3.0,0.98890571008199,6,114.0,0.2260066575113604,24,1471.0,0.023784166872981384,6,49.0,0.20046785580538154,73,21891.0
2930.0,80,18496.0,94.85128205128206,5.897929169157029,21,19795.0,0.12476541045741647,10,468.0,0.35402875554827157,0,0.0,0.9400957257726128,1,10.0,0.6598210471913015,6,71.0,0.24267932276885626,0,3.0,0.9164559244769973,6,144.0,0.0364497976396285,25,1561.0,7.155892706729828e-05,2,31.0,0.3763125156080034,71,22083.0
2935.0,85,18893.0,97.38659793814433,5.669644021431921,22,19823.0,0.12836208529147802,12,526.0,0.3501692928482723,0,4.0,0.7568630542203344,0,1.0,0.8291551914706021,5,73.0,0.23081597043800553,0,0.0,0.9353709661361487,6,193.0,0.22609876932581116,25,1687.0,0.05075228404590461,3,27.0,0.3879570907802686,73,22334.0
2940.0,84,19249.0,98.71282051282051,5.609956469763614,22,19847.0,0.06312125354562154,12,586.0,0.3135066745230184,0,4.0,0.8211712770252237,0,1.0,0.8031611977162271,3,52.0,0.24066133706040482,0,0.0,0.9535254771692103,6,244.0,0.4098863242714902,25,1805.0,0.03256165920505605,3,26.0,0.3067456575465953,71,22565.0
2945.0,89,19626.0,100.64615384615385,5.199764598383909,22,19874.0,0.07563811412673029,12,646.0,0.2721953533028209,1,7.0,0.6398620311586153,1,16.0,0.5653079125094099,4,51.0,0.1815668570448361,0,0.0,0.9450593032987525,6,202.0,0.3361852163949635,25,1928.0,0.047934247707448835,2,37.0,0.3094160754810225,73,22761.0
2950.0,92,19779.0,97.91584158415841,4.861617200393826,22,19908.0,0.07885627382659258,13,710.0,0.20584807158035823,3,16.0,0.38236681451115767,2,17.0,0.554477659387673,5,75.0,0.07490172438011651,0,0.0,0.9564934085276164,4,107.0,0.22119610685865837,26,2057.0,0.0947201945451007,4,55.0,0.19544347951664162,79,22945.0
2955.0,89,20017.0,96.70048309178743,5.727646454176102,22,19929.0,0.07796177202348538,15,778.0,0.07969614612929338,1,11.0,0.69062169923089,0,4.0,0.6372457776164483,5,75.0,0.2672189702434859,0,0.0,0.9474744726103209,2,50.0,0.3019974646186202,27,2192.0,0.14872101963221004,4,56.0,0.1855317373822793,76,23095.0
2960.0,84,20193.0,96.61722488038278,6.191156258343732,22,19958.0,0.07062547018694255,16,856.0,0.10063527179129196,0,4.0,0.757028985649088,2,10.0,0.5951208653168865,0,44.0,0.4338405287295054,0,0.0,0.9333540635541836,2,61.0,0.5489162640857039,26,2047.0,0.18203535185294503,3,56.0,0.2481372862707032,71,23036.0
2965.0,72,19532.0,93.90384615384616,6.1276175337400876,23,19982.0,5.174199014080827e-06,15,633.0,0.07660103466876275,0,4.0,0.9380641787406736,3,22.0,0.5511232436620983,0,16.0,0.7225431930261029,0,0.0,0.910460092722191,0,80.0,0.5807061024639413,17,1868.0,0.1622241577918317,3,71.0,0.37165331455309414,61,22676.0
2970.0,56,18466.0,88.77884615384616,6.508349175071457,21,19995.0,0.044932559825679404,6,480.0,0.13381824260303204,0,4.0,0.91759949671475,1,31.0,0.7173529549918878,1,25.0,0.6568179517951553,0,0.0,1.0,2,186.0,0.4524808746854914,12,1461.0,0.2176584540436883,2,50.0,0.520080857191849,45,22232.0
2975.0,52,18302.0,88.84466019417475,7.101933141862492,21,20024.0,0.0537491555762037,2,230.0,0.3724914916785123,0,12.0,0.9539449890256978,3,38.0,0.6533921805019212,2,34.0,0.7173085752992319,0,0.0,0.9672719222687556,3,77.0,0.47370683404439634,6,1369.0,0.2121405664442425,1,33.0,0.6590366061517153,38,21817.0
2980.0,63,18557.0,89.64734299516908,6.739267859166646,21,20049.0,0.1302865735060815,3,182.0,0.24979523154739386,0,12.0,0.7183540054288593,5,58.0,0.5430396172330225,2,44.0,0.6541627098672137,0,0.0,1.0,4,49.0,0.22663845776258285,11,1410.0,0.20995139400874438,3,31.0,0.5229858461222175,49,21835.0
2985.0,78,17927.0,86.1875,6.239432017322182,20,19084.0,0.10522333792849042,7,180.0,0.12363371637573171,0,0.0,0.8654151031718725,5,82.0,0.5699214049112705,2,33.0,0.7104592039032139,0,1.0,0.9482649965860313,4,33.0,0.22802837665516304,19,1485.0,0.041420421226816766,3,18.0,0.3863204579497668,60,20916.0
2990.0,74,13649.0,66.90686274509804,5.976014733577523,17,17134.0,0.0838164015049698,7,223.0,0.3468463299032356,1,7.0,0.6109155372207418,5,57.0,0.3886879094913422,1,17.0,0.5423722165471684,0,64.0,0.9796350319073379,1,31.0,0.49521901801830986,21,1558.0,0.0016668626537002047,5,31.0,0.3788550620464233,58,19122.0
2995.0,68,9479.0,46.46568627450981,6.479021158799687,14,15184.0,0.11402786766304071,7,262.0,0.43171841461050536,2,16.0,0.6803877315451038,2,34.0,0.5751840935830326,2,15.0,0.47805390828444033,0,145.0,0.9677197153183417,1,31.0,0.415787761065505,23,1676.0,0.10095666481144493,6,73.0,0.4412484293227752,57,17436.0
3000.0,64,6020.0,29.365853658536587,6.100467529940525,10,15165.0,0.1442118412235947,7,297.0,0.38390852494416955,0,4.0,0.9454215934009386,5,37.0,0.5007294697284053,2,9.0,0.3448902792946016,0,81.0,0.9613763261774213,2,80.0,0.2702742251466673,23,1792.0,0.11474654215515098,4,63.0,0.4336366536938619,53,17528.0
3005.0,59,2555.0,12.402912621359222,6.557494725028314,7,15149.0,0.25439675563643205,5,203.0,0.4373711060006963,0,4.0,0.9245332520537634,3,20.0,0.4110191668386151,4,21.0,0.3147320500578717,0,25.0,0.9391958325980619,3,119.0,0.37382075520096497,24,1908.0,0.19144731242239738,3,42.0,0.5463225488420068,49,17491.0
3010.0,60,940.0,4.519230769230769,6.980889409366894,9,15117.0,0.2603308591948183,0,119.0,0.7313020030364143,0,4.0,0.8138522119268369,0,12.0,0.636460840069837,4,45.0,0.2732438825915936,0,0.0,1.0,3,197.0,0.4893834861425082,27,2038.0,0.11906463922302839,3,34.0,0.536726200857982,46,17566.0
3015.0,62,1146.0,5.563106796116505,6.769103676488695,11,15027.0,0.25047735657611403,0,16.0,0.8381570788059807,0,4.0,0.9554533251112975,1,51.0,0.6985154474288968,1,21.0,0.2773305734123222,0,0.0,0.9400956811052427,4,136.0,0.3507911348589015,32,2189.0,0.0555535326808213,1,12.0,0.5617848367416373,50,17456.0
3020.0,61,1277.0,6.139423076923077,6.998390256653339,14,15033.0,0.2152411114130205,1,10.0,0.6081250913022035,0,4.0,0.9507842636711059,1,58.0,0.6378921076139855,1,9.0,0.4614581315055887,0,0.0,1.0,5,132.0,0.24151239887730122,30,2059.0,0.04524514433882718,1,13.0,0.7186383649293862,53,17318.0
3025.0,60,1051.0,5.202970297029703,6.885784393226353,18,15077.0,0.2071262434735533,1,15.0,0.5174946695497841,1,6.0,0.8075307422660242,2,23.0,0.6549302937813056,2,17.0,0.5779476563066361,0,0.0,0.7596933269062256,3,144.0,0.5159803858692217,23,1905.0,0.1271889599905756,1,7.0,0.5116950257976878,51,17194.0
3030.0,48,805.0,4.025,6.950816557204641,22,15110.0,0.08447887038677877,2,21.0,0.4614424667562274,1,1.0,0.6432537007476188,2,33.0,0.7466902746324802,0,4.0,0.7853921221886938,0,0.0,0.9603665502647207,0,84.0,0.6481060849334118,14,1332.0,0.19596461333852905,0,9.0,0.6355736442807925,41,16594.0
3035.0,47,785.0,3.9054726368159205,7.245086670988624,24,15160.0,0.03718207383299511,2,35.0,0.5696798351057512,1,22.0,0.4879226470697133,2,63.0,0.4668797404776788,0,0.0,0.7328741190776948,0,65.0,0.9313260783344139,2,79.0,0.6066699327461484,9,1379.0,0.20765247581571478,1,10.0,0.8210223891428416,41,16813.0
3040.0,58,857.0,4.328282828282828,6.6113867422833765,26,15225.0,0.03650976408045018,2,45.0,0.5602247226855142,3,33.0,0.2542131881386294,5,87.0,0.5812261747673445,1,4.0,0.7641644335152942,0,93.0,0.9655302474945162,4,135.0,0.3107774679433965,12,1420.0,0.1884047353987574,1,10.0,0.8081668611188629,54,17052.0
3045.0,61,1003.0,5.11734693877551,6.097201713741539,25,15334.0,0.054276711204002556,2,55.0,0.5725149701313714,2,24.0,0.5709058020296307,3,49.0,0.577324610261221,0,4.0,0.7015854573806852,0,28.0,0.9491787484873375,6,101.0,0.21039382978741655,18,1494.0,0.10392716906625186,1,7.0,0.5399967337909743,57,17096.0
3050.0,63,1119.0,5.7384615384615385,6.432250662555086,21,15441.0,0.07600772551722214,2,65.0,0.637989802247373,0,15.0,0.6679859155134874,4,44.0,0.5087711412213825,1,11.0,0.5696102325782199,0,0.0,1.0,9,201.0,0.3601044839921074,22,1519.0,0.07192677639623808,2,10.0,0.27001055639604216,61,17306.0
3055.0,68,1354.0,6.979381443298969,6.667757164913202,22,15464.0,0.1262196489593499,3,76.0,0.3719856758326466,0,15.0,0.8296674896764962,6,-53.0,0.40838489043804543,2,20.0,0.5148775405932551,0,1.0,0.954612602589929,5,145.0,0.5157097627961912,25,1599.0,0.04466717674923953,5,41.0,0.2752343538760588,68,17308.0
3060.0,61,1524.0,7.658291457286432,6.4727358927877825,22,15478.0,0.12066907762120085,3,87.0,0.22418630913395332,1,17.0,0.7613825388295394,4,-81.0,0.4817472690761289,1,9.0,0.5742373464332219,0,0.0,0.9754352588224513,0,94.0,0.5703296863115908,26,1726.0,0.049765837998245244,3,35.0,0.5630614990225998,60,17365.0
3065.0,61,1757.0,8.829145728643216,7.018172424143459,22,15529.0,0.06369437535658636,3,102.0,0.005125807607920075,1,26.0,0.7009269730051292,1,-124.0,0.5692487990490244,2,15.0,0.5891916179036129,0,0.0,0.9553418979421773,2,8.0,0.437254462559053,25,1857.0,0.17911515472377015,0,12.0,0.8723869952728219,56,17425.0
3070.0,65,2048.0,10.448979591836734,7.242294566655377,23,15592.0,0.12777601386276746,4,122.0,0.0,2,-15.0,0.6061060909802044,1,-141.0,0.5886058594555144,2,25.0,0.6922000838626596,0,1.0,0.9341114608916667,1,98.0,0.689016849123642,27,1986.0,0.08954323616116776,0,4.0,0.7324722872701811,60,17672.0
3075.0,65,2315.0,11.93298969072165,6.771058559859294,22,15630.0,0.11094546990622027,4,142.0,0.0,2,-26.0,0.6529076195439889,1,14.0,0.7430588534677808,1,18.0,0.38325335620508727,0,38.0,0.9231993899108427,0,94.0,0.9236357164371141,29,2129.0,0.026352327835870458,0,8.0,0.7056927212162845,59,18047.0
3080.0,67,2502.0,12.830769230769231,7.082704028671236,23,15679.0,0.16354194919438667,4,165.0,0.18830507514786476,1,-35.0,0.8296127779513216,1,23.0,0.666108920404499,2,8.0,0.4000477427388202,0,28.0,0.9485714734842559,0,0.0,0.9434095155838726,29,1950.0,7.049393466902914e-05,1,12.0,0.6492978627517445,61,17830.0
3085.0,61,2381.0,12.465968586387435,7.27429574930508,25,15752.0,0.12900661704191915,4,185.0,0.3225400158962169,1,-62.0,0.7734361504152394,2,38.0,0.6632208512762818,2,15.0,0.47986173786606334,0,11.0,0.983954053296948,0,93.0,0.893232030486072,19,1607.0,0.10874697542953676,1,15.0,0.4792130563455615,54,17654.0
3090.0,55,2256.0,11.451776649746193,7.115887065990677,26,15809.0,0.09959075234339448,4,205.0,0.32047098271616686,0,-77.0,0.9473118651363327,3,47.0,0.587164907641128,1,6.0,0.5037269944413204,0,0.0,1.0,1,103.0,0.5406351760496713,11,1203.0,0.2835028735488868,0,10.0,0.8858311222493451,46,17306.0
3095.0,45,2108.0,10.700507614213198,7.385552646633438,23,15839.0,0.0987598481560886,4,225.0,0.32221866989141495,0,-82.0,0.8504044508837112,3,67.0,0.6193396268324842,1,8.0,0.682971416873779,0,0.0,1.0,2,51.0,0.3352573743677668,7,1246.0,0.31965545819748015,0,14.0,0.8941663693674424,40,17368.0
3100.0,52,2281.0,11.405,7.48815767922322,24,15916.0,0.05921655817509335,4,245.0,0.4182108359618422,1,6.0,0.8178447436834281,5,84.0,0.5339795107014853,1,13.0,0.797634226811321,0,17.0,0.9886820873399108,2,54.0,0.37986189677781435,10,1285.0,0.22500229547771713,0,12.0,0.8214906992400482,47,17632.0
3105.0,56,2438.0,12.251256281407036,6.77349774014054,23,15998.0,0.04544065886910938,4,265.0,0.33270642240914555,1,11.0,0.8122298253045844,4,24.0,0.37783290744782044,1,3.0,0.6026148886702777,0,17.0,0.9139371832906344,3,73.0,0.4508176414339851,16,1356.0,0.06390499934433953,0,0.0,0.6752562738803127,52,17747.0
3110.0,66,2643.0,13.149253731343284,6.415624031893161,23,16095.0,0.10171965630223649,5,289.0,0.26423819597504716,1,20.0,0.5206175204743269,5,19.0,0.23232692355667486,2,12.0,0.4524766575871206,0,2.0,0.9601606690730878,1,56.0,0.6741744310190113,23,1429.0,0.02344096401039706,1,4.0,0.6090257327686577,61,17926.0
3115.0,69,2933.0,14.448275862068966,6.958840718565841,23,16185.0,0.1102549266849029,5,314.0,0.2812648385514579,3,30.0,0.6056191133099809,7,50.0,0.407163612786697,2,17.0,0.4081612060201967,0,0.0,0.8286287297519216,2,5.0,0.590079234922973,23,1542.0,0.038150921972988236,1,21.0,0.6462967253847541,66,18164.0
3120.0,62,3132.0,15.66,6.91969228381023,21,16228.0,0.09389672652072319,5,339.0,0.2601927263195547,1,10.0,0.7711911005687968,3,34.0,0.46165573419672906,0,0.0,0.6068654746759177,0,0.0,0.8304456887370164,3,1.0,0.4341726983230118,23,1659.0,0.009037625732597802,0,8.0,0.9634609202631502,56,18279.0
3125.0,65,3369.0,17.18877551020408,7.144407205575549,22,16286.0,0.07206769265880052,5,364.0,0.27200268688816653,1,6.0,0.7123793193673349,3,39.0,0.4917326954894883,0,4.0,0.8114587934361852,0,3.0,0.973369769369966,4,12.0,0.4706934960445168,24,1777.0,0.07509774861822374,0,12.0,0.7730676976096271,59,18503.0
3130.0,64,3598.0,18.642487046632123,7.096128804445027,22,16322.0,0.047628041045904956,5,389.0,0.3083143033278686,1,15.0,0.7698409702162187,3,40.0,0.6194647656988355,0,4.0,0.9771996003486297,0,0.0,0.9561072169003781,2,52.0,0.5757856476955062,25,1898.0,0.07109215586151217,1,42.0,0.719225217074108,59,18762.0
3135.0,62,3848.0,20.25263157894737,6.879911594634588,22,16342.0,0.07759432839732384,6,416.0,0.19393480783728498,0,8.0,0.8823061066686354,3,54.0,0.5477334876469903,0,0.0,0.9090133105561362,0,0.0,0.9545243863828661,2,31.0,0.5178246845362248,26,2024.0,0.0678368545625331,0,44.0,0.9170710821548401,59,18919.0
3140.0,63,4091.0,21.645502645502646,6.888869461087702,21,16365.0,0.06849801989083316,7,455.0,0.21604258500198859,1,13.0,0.8480082933281965,3,60.0,0.4520075766332858,2,4.0,0.4652757630023321,0,0.0,0.9581395007660692,3,52.0,0.4667018836209091,26,2154.0,0.03678590742496255,0,7.0,0.904219858359554,63,19110.0
3145.0,68,4401.0,23.78918918918919,6.662597589704703,22,16394.0,0.08420188961079092,7,490.0,0.11494636059111281,1,18.0,0.8505981068034594,3,75.0,0.5656872023240193,2,14.0,0.29757202415019546,0,0.0,1.0,3,63.0,0.42747849287044176,26,2284.0,0.03437312021998797,0,8.0,0.7583719858086602,64,19346.0
3150.0,62,4435.0,23.342105263157894,6.224707493408565,22,16415.0,0.08186918063222061,5,293.0,0.2793074578892109,0,8.0,0.8268809135588824,3,81.0,0.2358693995718448,0,0.0,0.6597375484301075,0,0.0,0.9338806424462174,2,40.0,0.4400721521477475,26,2414.0,0.06702273540553906,1,11.0,0.5388723069152922,59,19262.0
3155.0,67,4460.0,23.473684210526315,6.874258773926293,22,16446.0,0.08400797853622155,0,87.0,0.6930444799408136,2,18.0,0.6864529383169656,5,115.0,0.40516300029105423,0,0.0,0.977326684274642,0,0.0,0.9499989785418912,5,41.0,0.30410637928051343,27,2545.0,0.09114666958388748,3,23.0,0.5314500719924043,64,19275.0
3160.0,72,4781.0,25.296296296296298,7.008232694995653,23,16479.0,0.07236478519451277,1,6.0,0.581208067154329,2,24.0,0.6449131712503426,6,138.0,0.3683907314746084,0,0.0,0.8358136594405408,0,0.0,0.9401992878683563,5,33.0,0.43156041581772175,27,2680.0,0.08008494409380056,5,43.0,0.32325669509344596,69,19403.0
3165.0,69,5028.0,26.32460732984293,6.469775056422178,23,16503.0,0.0652219188599589,0,4.0,0.9159262447900456,1,19.0,0.7210535561370476,8,180.0,0.3119228724292246,0,0.0,0.6160859273978005,0,0.0,0.9943372343522926,3,29.0,0.4955518354886783,28,2816.0,0.03856404877841715,4,37.0,0.4205947334284559,67,19588.0
3170.0,71,5028.0,26.46315789473684,5.842971969125514,23,16528.0,0.09986937740827838,1,5.0,0.44415706071258776,1,16.0,0.5483820677456167,9,90.0,0.3148440507610318,1,4.0,0.6457870791083883,0,0.0,1.0,5,40.0,0.41502078853110935,27,2602.0,0.03367027317936139,0,13.0,0.5653068919370048,67,19298.0
3175.0,52,4411.0,23.46276595744681,6.511427288023114,23,16558.0,0.09174403419675561,1,10.0,0.47057958480214157,2,25.0,0.5776040769802783,3,65.0,0.5178088085291978,2,16.0,0.5502567961328315,0,0.0,0.9876258284781081,2,31.0,0.20412072602115336,17,2092.0,0.17270225698221012,1,43.0,0.6335034636424814,51,18840.0
3180.0,41,3906.0,20.77659574468085,7.385916087040839,23,16581.0,0.12934973218149562,1,15.0,0.0,0,3.0,0.9101840528395694,4,46.0,0.2112184987657992,1,14.0,0.6575265619919635,0,0.0,0.960173239514105,4,22.0,0.29410323187244725,8,1730.0,0.2754060658271499,0,43.0,0.8219316807612254,41,18454.0
3185.0,36,3669.0,19.41269841269841,7.4368649335919335,21,16606.0,0.08252765902179417,1,20.0,0.0,1,8.0,0.8073114605993744,4,26.0,0.3846373078368128,1,5.0,0.6884089597844781,0,0.0,1.0,4,37.0,0.414308527335173,3,1757.0,0.29099064882633885,1,44.0,0.43408277047268434,36,18503.0
3190.0,49,3839.0,20.312169312169313,7.219999293956986,23,16626.0,0.08784941448306857,1,25.0,0.0,1,17.0,0.7969642523991104,1,19.0,0.7189719280999943,2,21.0,0.7011237779615507,0,0.0,1.0,3,28.0,0.4216525904559793,9,1781.0,0.2126461891948528,3,53.0,0.5351794938324089,43,18570.0
3195.0,58,4017.0,21.481283422459892,6.694528064006715,23,16652.0,0.07564582109552008,1,30.0,0.4623208506703653,2,12.0,0.6215546266799327,2,17.0,0.5841162707339331,2,22.0,0.6076573910973839,0,0.0,1.0,4,45.0,0.3774908858884907,16,1843.0,0.06517972617284565,2,31.0,0.5812854276096432,52,18652.0
3200.0,61,4255.0,22.876344086021504,6.4264504311155735,21,16664.0,0.08436245036456513,1,39.0,0.562592002033921,0,15.0,0.7399073423364954,3,36.0,0.3593602083447699,0,17.0,0.6023093246299452,0,0.0,1.0,6,80.0,0.3091021929505705,22,1943.0,0.0019463513174006507,1,10.0,0.7325134905137693,54,18804.0
3205.0,61,4508.0,24.236559139784948,6.3189690833185725,21,16689.0,0.04506363825281277,1,44.0,0.6163946240954359,0,8.0,0.7770573288823461,2,45.0,0.5591015136826254,2,16.0,0.4499847465191421,0,0.0,0.962371050796911,5,62.0,0.11564230363242305,24,2065.0,0.05613648709608077,1,15.0,0.5196313043779373,56,18944.0
3210.0,62,4702.0,25.144385026737968,6.326205882813535,21,16714.0,0.0,1,49.0,0.7157371442412738,3,12.0,0.6154054902276106,4,60.0,0.5817696160577389,3,16.0,0.3809768352246409,0,0.0,0.9749981855399406,2,70.0,0.33776401047942,24,2185.0,0.05793241892814196,2,8.0,0.38279069907220126,60,19114.0
3215.0,65,4953.0,26.345744680851062,6.56951337502784,21,16746.0,0.04365675248575717,1,54.0,0.7045036034311342,4,47.0,0.4368476671431262,4,80.0,0.5457472559473058,3,17.0,0.38534470137953486,0,0.0,0.932242027100841,5,57.0,0.32665254490265877,25,2319.0,0.11003659019694244,2,12.0,0.6175546674446072,65,19332.0
3220.0,76,5290.0,27.98941798941799,5.943108463889721,21,16764.0,0.033045838903200606,1,59.0,0.6338847315789932,5,71.0,0.382999810088539,5,104.0,0.360055609289064,4,30.0,0.04916542820984497,0,0.0,0.9758335466770302,4,52.0,0.26076599553103025,28,2451.0,0.044601367729742346,2,22.0,0.4123579661615266,70,19553.0
3225.0,73,5546.0,29.657754010695186,5.64839379416582,21,16793.0,0.10336031090279198,1,60.0,0.5126715802222361,3,51.0,0.4053693776865361,6,130.0,0.511572964925232,4,51.0,0.006515656217287275,0,2.0,0.986069606241261,3,41.0,0.44494447588957603,30,2598.0,0.0004941446641654123,1,9.0,0.5222983750607965,69,19735.0
3230.0,72,5729.0,31.478021978021978,5.848070689671016,22,16819.0,0.05818279401424292,2,68.0,0.22955167040258892,2,25.0,0.6512874066958415,7,162.0,0.377045036351947,0,29.0,0.27188554214015453,0,6.0,0.9409891037243052,3,57.0,0.492369133896082,29,2402.0,0.03137866993025386,2,13.0,0.37897964731446,67,19581.0
3235.0,60,5452.0,29.311827956989248,6.523611690122741,22,16853.0,0.08583250277071265,3,87.0,0.3868132834703667,2,28.0,0.6701353697222905,4,68.0,0.30308933027310003,0,5.0,0.6427958557431686,0,6.0,0.9669627593239531,2,30.0,0.49419675827729337,19,2180.0,0.14292205207321856,2,26.0,0.47076937133216956,54,19283.0
3240.0,49,5189.0,27.601063829787233,7.033321890167665,21,16872.0,0.06608892321952387,3,102.0,0.3396199013910534,3,40.0,0.6085080368819757,4,31.0,0.4923329106466092,1,19.0,0.5799178242931607,0,2.0,0.9621697809431359,3,27.0,0.33624092127081595,11,1621.0,0.2195680699996017,0,10.0,0.6642161054713401,46,18724.0
3245.0,52,5087.0,26.773684210526316,7.246639353500318,22,16900.0,0.14653077811919357,1,23.0,0.6974616578162665,4,47.0,0.6212757612245026,5,51.0,0.38730720743403807,1,24.0,0.7352950812775535,0,3.0,0.9744249508911569,6,49.0,0.13117350873790215,7,1536.0,0.2366610457864031,1,14.0,0.5746937180147076,47,18647.0
3250.0,51,5191.0,26.620512820512822,7.505065059599052,22,16930.0,0.16253725321533768,0,8.0,0.9517056595249137,5,69.0,0.5928641059113762,4,31.0,0.3699212087033676,1,29.0,0.848093333677845,0,1.0,0.8439657155234488,3,46.0,0.39568374954190805,8,1558.0,0.2157473599030634,2,24.0,0.6250182885093817,45,18696.0
3255.0,48,5265.0,26.59090909090909,7.33774354574895,22,16947.0,0.20951676898298183,0,8.0,0.9500844575626187,4,94.0,0.5308959643751735,0,20.0,0.6529916323518398,1,13.0,0.6253431814682261,0,0.0,0.9866265517781965,1,35.0,0.48389698180209,14,1615.0,0.1645527709674488,1,3.0,0.3568175775106596,43,18735.0
3260.0,54,5392.0,27.510204081632654,6.647059183235316,23,16970.0,0.07975684752946215,0,4.0,0.9445851586646934,3,91.0,0.4375531480914815,1,15.0,0.5056924883094217,2,9.0,0.5056509634285538,0,0.0,0.8649671608962526,3,19.0,0.2675699438020344,19,1699.0,0.08102226294610732,0,0.0,0.839400683148224,51,18807.0
3265.0,66,5664.0,29.195876288659793,6.597819610350841,27,17021.0,0.060841098841635306,1,5.0,0.4841726076337597,4,60.0,0.45155988683532833,3,32.0,0.6267171715377986,2,23.0,0.5653864254186787,0,0.0,0.9774322694048095,2,21.0,0.4932856127381461,25,1821.0,0.0956153889963416,0,0.0,0.948901419425666,64,18983.0
3270.0,63,5871.0,30.107692307692307,6.396392229656491,25,17050.0,0.03979876899834311,1,6.0,0.015719346295049442,2,42.0,0.4851350008314717,3,55.0,0.592405001342002,2,2.0,0.542338264620949,0,0.0,1.0,2,23.0,0.4629248909985693,26,1943.0,0.05088778168852721,1,1.0,0.7517662900956985,62,19122.0
3275.0,65,6147.0,31.685567010309278,6.522037217913384,22,17056.0,0.036978950958517165,0,0.0,1.0,3,56.0,0.2879062213997173,4,66.0,0.4623401068471188,1,6.0,0.7460304147274895,0,7.0,0.9198471104113695,3,78.0,0.397489404608373,27,2077.0,0.0021375904718140466,2,7.0,0.47531397715850726,62,19353.0
3280.0,74,6475.0,33.205128205128204,6.646017703343145,22,17082.0,0.054432458903525015,0,0.0,1.0,6,80.0,0.2578662976879415,4,78.0,0.5177823801682803,1,11.0,0.49456148065984423,0,0.0,0.9672542502876832,4,81.0,0.5406219332348334,28,2216.0,0.030664994345503554,3,21.0,0.46300063852987766,68,19569.0
3285.0,64,6700.0,35.26315789473684,6.183338492253324,21,17097.0,0.0631553599515973,0,0.0,1.0,4,66.0,0.32136068761655223,4,107.0,0.6503816243466867,2,18.0,0.25768721787982557,0,0.0,0.9339204775144703,1,41.0,0.5840975724919895,28,2356.0,0.06415917760488546,1,11.0,0.5585176083472171,61,19696.0
3290.0,60,6834.0,35.78010471204188,6.4060895069542445,22,17124.0,0.05378342609800907,0,0.0,0.9564589506337182,0,50.0,0.734216518888509,6,126.0,0.46571825900932107,1,10.0,0.34162564783968213,0,0.0,1.0,3,44.0,0.3592179496987161,26,2122.0,0.013588241140580253,1,6.0,0.6901797370729804,59,19482.0
3295.0,55,6640.0,34.94736842105263,6.951338954302112,22,17144.0,0.07166808330050166,0,0.0,0.9304749911451761,0,8.0,0.8275145997663292,6,120.0,0.2992604103402955,1,15.0,0.4979943144553489,0,0.0,0.8814230257228258,6,57.0,0.3943416522551387,18,1900.0,0.16778986458077624,1,11.0,0.7309896277415594,54,19255.0
3300.0,44,6352.0,33.967914438502675,7.022901375905158,21,17164.0,0.11556036271229635,0,0.0,0.8933811515530593,1,10.0,0.7662432515326886,6,110.0,0.4018104286688248,0,12.0,0.8121221649679604,0,0.0,0.9331312915656649,2,74.0,0.35234350870810527,11,1382.0,0.2963213535096436,1,2.0,0.4748122496571352,42,18754.0
3305.0,46,6256.0,33.634408602150536,7.55527969274327,21,17190.0,0.13391817819026441,0,0.0,0.9846798356582227,2,28.0,0.6970169151706505,7,73.0,0.35562276044224395,0,12.0,0.8393606028377786,0,2.0,0.8966534077738955,7,85.0,0.2579538315836345,6,1342.0,0.30873439661951835,2,12.0,0.602679574384671,45,18744.0
3310.0,52,6427.0,35.12021857923497,6.92488182057449,22,17222.0,0.09717395875128951,0,0.0,0.8622278387136303,2,30.0,0.7232652882337545,5,57.0,0.42467985919781526,0,12.0,0.8430880789683357,0,2.0,0.9956400713780491,8,89.0,0.15925082429513407,10,1382.0,0.26689857059400346,2,24.0,0.5116461164387975,49,18818.0
3315.0,46,6498.0,35.50819672131148,6.756920344657932,23,17251.0,0.06995559373934407,0,0.0,0.9915872904245441,1,19.0,0.6515388418848692,0,24.0,0.48004859623192303,0,4.0,0.729192530161429,0,4.0,0.9605073101576462,5,54.0,0.32835839270154776,16,1450.0,0.13004855650195013,0,2.0,0.9684242069577809,45,18808.0
3320.0,58,6708.0,36.857142857142854,6.773380376397644,22,17273.0,0.07299198401688292,0,0.0,0.4971446035160054,2,11.0,0.6415155258197525,1,4.0,0.5639443774728439,2,7.0,0.4852675678939869,0,9.0,0.9288615917460228,6,81.0,0.39404451302395177,21,1523.0,0.07386433382872383,0,0.0,0.9723349356837496,54,18908.0
3325.0,63,6934.0,38.95505617977528,6.713838065017226,23,17306.0,0.03808948162564782,1,5.0,0.4700639134532323,2,22.0,0.7159976846046003,1,9.0,0.782377564825197,7,33.0,0.2935078794992216,0,5.0,0.7892004505837977,3,67.0,0.3578292307620148,25,1623.0,0.10834439062742421,0,0.0,0.8760079158268281,62,19070.0
3330.0,61,7158.0,40.440677966101696,6.289615364060527,22,17329.0,0.11597871779792455,1,10.0,0.47223931246970546,2,18.0,0.5205253240836922,2,18.0,0.6085951728465433,3,26.0,0.49663862226485594,0,0.0,0.920516912609584,4,78.0,0.2653191938350752,26,1744.0,0.06582194195719866,0,4.0,0.8239491079668059,60,19227.0
3335.0,65,7417.0,41.205555555555556,7.000682506331354,21,17348.0,0.17435348934320988,1,15.0,0.0,3,17.0,0.5605749625041763,4,40.0,0.4512567640123598,1,19.0,0.6020390625928267,0,0.0,0.9816549677773362,4,79.0,0.3747268968951215,28,1880.0,0.09272307908912217,1,11.0,0.6405379634825812,63,19409.0
3340.0,65,7702.0,42.78888888888889,6.742975409985024,21,17364.0,0.08598681714095928,1,20.0,0.0,3,32.0,0.5777714009903112,4,60.0,0.529048710272479,1,15.0,0.5123660879051675,0,0.0,0.8700109955924484,0,60.0,0.4999114346877304,28,2020.0,0.06985684147494033,3,23.0,0.4511726429098052,61,19594.0
3345.0,68,7938.0,43.61538461538461,6.181797821771412,22,17395.0,0.061992684062267565,1,25.0,0.0,3,19.0,0.6134011860385746,4,78.0,0.3573459134587869,2,13.0,0.10907937914495866,0,0.0,0.8963629586962426,2,85.0,0.41289761566458316,30,2165.0,0.06529833227892416,3,22.0,0.3055689463313761,67,19802.0
3350.0,68,8228.0,44.236559139784944,6.616848043371315,22,17424.0,0.04646793011697598,1,30.0,0.0,1,22.0,0.6710598916871561,5,111.0,0.3742906112541758,2,22.0,0.2951980825287046,0,0.0,0.9795663279753613,3,108.0,0.3390722267351536,29,2307.0,0.08587805817533072,1,24.0,0.549806219135823,64,20048.0
3355.0,70,8534.0,47.41111111111111,6.777151403572192,23,17454.0,0.04661354720114124,1,35.0,0.4494854497643702,1,21.0,0.8000536232575399,5,137.0,0.5880277417874645,2,35.0,0.35718189393032035,0,0.0,0.6462148972010383,3,68.0,0.4170678414648081,28,2444.0,0.108943209042867,1,13.0,0.6477526166935257,64,20207.0
3360.0,65,8769.0,49.264044943820224,6.987233324503021,24,17496.0,0.08133863672439266,1,40.0,0.4701981315996405,0,4.0,0.9500285490830823,6,163.0,0.4860067290185173,0,4.0,0.7466302491428132,0,0.0,0.9596449704635004,2,33.0,0.4532176657271293,28,2584.0,0.09009426660530948,2,7.0,0.6300861330319139,63,20331.0
3365.0,61,8940.0,48.85245901639344,6.919131887013692,21,17497.0,0.11754656474485044,1,45.0,0.4599316626234263,0,4.0,0.9418764798359083,3,66.0,0.45647399751396445,1,7.0,0.7753426205461632,0,0.0,0.9438019750272634,2,29.0,0.44355116468456796,29,2729.0,0.0634809671487447,2,16.0,0.6267232879774643,59,20393.0
3370.0,66,9163.0,49.263440860215056,6.863696101031493,22,17521.0,0.11432340469761594,1,50.0,0.6185329279627424,0,4.0,0.8226218620519442,4,21.0,0.3671497141632675,1,16.0,0.5656102834906523,0,0.0,0.9568103471278037,4,38.0,0.41104831844489215,29,2874.0,0.11781806394823982,3,29.0,0.48508129634893976,64,20553.0
3375.0,62,9425.0,50.945945945945944,6.77064781920027,22,17553.0,0.21854306128882306,1,55.0,0.631977436273088,0,0.0,0.836138681169481,6,50.0,0.2529682617666161,1,11.0,0.5999835435846071,0,0.0,0.9308127379011495,1,39.0,0.3530195257884328,29,3019.0,0.08888278948975804,1,8.0,0.18135336093513643,61,20735.0
3380.0,67,9535.0,50.71808510638298,6.623312089538124,22,17576.0,0.1384102895877122,1,64.0,0.6708103226856528,1,6.0,0.6592027210465556,6,43.0,0.3119535781702528,0,5.0,0.7384441947752486,0,0.0,0.8895060816090861,4,60.0,0.2532727123689321,27,2790.0,0.08778495134396279,2,9.0,0.33019455571980005,63,20553.0
3385.0,57,8992.0,47.32631578947368,6.810745600432258,23,17601.0,0.11250643593769001,2,70.0,0.48140700886579607,2,14.0,0.5031827436014473,3,41.0,0.4490671076689395,1,6.0,0.592006683309295,0,0.0,0.974582669448427,2,44.0,0.49040989133189916,18,2549.0,0.14498621592982372,3,22.0,0.4840362239199853,54,20347.0
3390.0,44,8553.0,45.494680851063826,7.395261914151429,23,17640.0,0.0994717698654178,2,80.0,0.42047732520887743,0,10.0,0.7898693764739276,3,31.0,0.5880740257197953,1,13.0,0.5189442944999774,0,0.0,0.7869059758062207,0,6.0,0.5838404382797928,10,2009.0,0.281123409474496,0,0.0,0.8949915535820397,39,19789.0
3395.0,49,8287.0,43.61578947368421,7.402398353492791,24,17664.0,0.03988109663718487,3,97.0,0.47817712161050613,2,13.0,0.7158021356538424,4,43.0,0.45871893028683075,2,9.0,0.6302598155077382,0,1.0,0.9613360240409258,1,4.0,0.21313311649301184,5,2043.0,0.35631381749094415,1,2.0,0.4511770100212424,42,19876.0
3400.0,60,8494.0,44.94179894179894,7.70157468685513,23,17690.0,0.07833176174800754,3,112.0,0.48421925958696366,3,25.0,0.5241941955310211,5,66.0,0.31210604702002687,2,23.0,0.7182083851700547,0,0.0,0.977183201378577,3,15.0,0.2407516737238117,13,2088.0,0.25257287590994987,2,12.0,0.5636515855430122,54,20031.0
3405.0,64,8674.0,44.943005181347154,6.781168391240014,23,17725.0,0.14076369719068915,4,124.0,0.181152664395615,2,18.0,0.6604126743101622,3,35.0,0.4220105618399819,2,10.0,0.6430255258458222,0,0.0,0.9404051303083245,3,36.0,0.4329159275143026,19,2171.0,0.11177355094241959,0,16.0,0.6120108957688559,56,20135.0
3410.0,66,8879.0,46.4869109947644,6.44147331953625,23,17752.0,0.05367094846354736,4,144.0,0.32527748187445776,0,8.0,0.6899924095324418,1,9.0,0.578014031807056,2,16.0,0.4668650487915365,0,0.0,0.8240781770530151,6,63.0,0.2875770871844696,23,2249.0,0.06875006329323523,1,24.0,0.6119790676162901,60,20265.0
3415.0,67,9113.0,47.21761658031088,6.5984903960542,23,17755.0,0.031633429199539535,4,164.0,0.4483701745164945,2,10.0,0.6746137695775107,2,12.0,0.5702003434783168,2,30.0,0.5376998260175768,0,36.0,0.9455064511008388,4,37.0,0.17085200509851803,24,2355.0,0.06297563450895774,1,31.0,0.577094446296063,62,20430.0
3420.0,62,9318.0,49.56382978723404,6.708607050189607,25,17796.0,0.060275408463121995,4,184.0,0.48004490463654337,0,0.0,0.8162731137722611,0,0.0,0.7646017448937162,2,15.0,0.615516901257149,0,7.0,0.925388547196723,1,10.0,0.5391511558834713,25,2469.0,0.07338448953597378,0,22.0,0.8869072223998131,57,20503.0
3425.0,64,9603.0,51.35294117647059,7.128058741848542,24,17824.0,0.042341587892913944,5,210.0,0.4632443798742717,0,4.0,0.9311044724510024,2,14.0,0.686919654692045,3,31.0,0.6170129054538557,0,7.0,0.7373368469401664,1,16.0,0.6893886924959537,23,2575.0,0.07708040254816477,1,23.0,0.5438652141000959,59,20704.0
3430.0,64,9780.0,51.74603174603175,7.238385697136939,21,17846.0,0.042008741446306036,5,235.0,0.47039523732144384,0,9.0,0.8363380749077042,2,24.0,0.5792004008524494,3,50.0,0.6367832071897562,0,2.0,0.9491207310633967,1,14.0,0.7551089888471747,25,2695.0,0.03645476145374154,3,34.0,0.4430625095667813,60,20909.0
3435.0,61,9963.0,52.16230366492147,6.539858026219913,21,17840.0,0.06563378817474827,5,260.0,0.3490907907216512,1,6.0,0.5169081028397823,4,38.0,0.2678832572294717,2,48.0,0.48098670045583874,0,0.0,0.5657210853001674,0,13.0,0.5907287434590649,26,2822.0,0.009289920890611147,2,17.0,0.3909464717564129,61,21044.0
3440.0,65,10151.0,53.70899470899471,6.560132459283553,21,17864.0,0.055536973844957115,5,285.0,0.3931970943648816,2,17.0,0.37224835602195677,5,63.0,0.30052818759158206,3,46.0,0.3191641559532202,0,0.0,0.9922957555051447,1,9.0,0.5718370781260704,26,2579.0,0.03507640865516092,2,20.0,0.5383022553514525,65,20883.0
3445.0,59,9954.0,52.38947368421053,6.617632288542336,22,17891.0,0.06735696683569053,6,319.0,0.42649384624244874,4,22.0,0.4482800717853239,3,34.0,0.5175557383931503,3,41.0,0.21840360694231936,0,4.0,0.9400802278272343,2,19.0,0.40170051192973405,16,2335.0,0.17842702014327752,2,57.0,0.497999525154562,58,20722.0
3450.0,52,9773.0,51.984042553191486,6.823373916016786,24,17925.0,0.12443467659028955,7,346.0,0.10713445750601672,2,9.0,0.38532379335293243,1,11.0,0.8185981949263821,1,22.0,0.4902743781597582,0,5.0,0.7880362146345904,4,91.0,0.4274875463654544,9,1724.0,0.31845269605879156,2,49.0,0.46401771026268435,50,20182.0
3455.0,52,9777.0,51.45789473684211,7.150387427817994,22,17945.0,0.09215066346870528,8,386.0,0.10575936938345179,3,14.0,0.4690102505737204,2,22.0,0.6396631336982014,2,26.0,0.6347125424752398,0,1.0,0.968655185344379,4,73.0,0.43457394268202976,4,1448.0,0.34237192372195907,4,47.0,0.35936091155343547,49,19962.0
3460.0,62,9970.0,52.19895287958115,6.219432266716323,23,17981.0,0.1287004736085149,8,426.0,0.09908843195967514,5,30.0,0.35915557042948965,2,12.0,0.2965958599619405,3,41.0,0.6694059635290539,0,31.0,0.9293324542642868,3,40.0,0.3480860418247779,9,1478.0,0.24624547387712192,5,71.0,0.36229200316961563,58,20110.0
3465.0,65,10186.0,52.77720207253886,6.324763220955349,23,18006.0,0.07968767822175492,8,466.0,0.25915577540148715,3,32.0,0.3221493089046657,3,21.0,0.47082764710788183,3,41.0,0.4431317886835292,0,9.0,0.9683282885354401,2,27.0,0.4611036997550318,16,1535.0,0.05988960754134847,3,26.0,0.5871445084452982,61,20163.0
3470.0,68,10373.0,55.17553191489362,6.268378381813644,23,18028.0,0.04607099647331411,8,510.0,0.1788850702658327,0,19.0,0.7208386527092973,4,36.0,0.3914512866467285,3,20.0,0.3579366101952823,0,9.0,0.8818729091966889,3,44.0,0.4806363220848905,20,1593.0,0.046192586250091115,0,12.0,0.6044542426524763,61,20271.0
3475.0,66,10608.0,55.539267015706805,6.821950746702124,23,18055.0,0.08321040289915758,9,555.0,0.17609091883829572,0,4.0,0.8598681429042349,4,53.0,0.4834865932411069,3,32.0,0.27448892337003333,0,1.0,0.882911566139559,4,46.0,0.4093252378019267,21,1695.0,0.10702172120652069,1,15.0,0.5350969654417634,65,20456.0
3480.0,68,10870.0,57.51322751322751,6.171485697651261,23,18090.0,0.06653301484697073,9,600.0,0.09113578316574647,1,7.0,0.4758629141100114,4,69.0,0.566304576933214,2,5.0,0.14734559092248498,0,0.0,1.0,2,45.0,0.37629820696152905,22,1800.0,0.05452034197048472,1,37.0,0.6963422504148553,64,20653.0
3485.0,74,11194.0,58.60732984293194,6.158395575349866,22,18113.0,0.11741012644445205,9,645.0,0.09784591743846846,4,25.0,0.5104799365886356,4,92.0,0.38826918916493414,2,9.0,0.6090587595037035,0,0.0,1.0,4,33.0,0.16429215543170123,23,1905.0,0.08201207194595155,2,57.0,0.6784049797590119,70,20879.0
3490.0,78,11546.0,59.82383419689119,6.197150127205591,21,18123.0,0.20435338542548295,9,690.0,0.17244784294363244,4,45.0,0.4796410851003791,6,120.0,0.3000531360009265,2,21.0,0.6329302784280773,0,0.0,1.0,4,47.0,0.2502792944770078,25,2025.0,0.11597299423907595,3,62.0,0.4316501214354779,74,21133.0
3495.0,79,11754.0,61.539267015706805,5.491705449385987,22,18148.0,0.15736315629059536,9,731.0,0.23742155358758957,2,29.0,0.4144045981787083,5,88.0,0.287905523889898,2,18.0,0.5668370184248065,0,0.0,0.9258099284704386,4,23.0,0.0798900181410058,26,2149.0,0.06794722290853987,4,50.0,0.4224510272133974,74,21236.0
3500.0,65,11772.0,62.95187165775401,6.003376933464686,22,18173.0,0.12032719265906881,10,777.0,0.08440318330098738,0,15.0,0.7322170022464192,1,59.0,0.36534711263637726,3,18.0,0.5338774666118765,0,2.0,0.9533661030180021,0,4.0,0.5288251330252471,25,1926.0,0.10305108496058152,2,46.0,0.5563761773386046,63,21020.0
3505.0,58,11628.0,62.18181818181818,6.9248483412269595,23,18207.0,0.13866917593980338,10,827.0,0.0,0,0.0,0.957369254642699,2,25.0,0.5942483037470538,3,33.0,0.5263181089351141,0,0.0,0.9815629523370403,0,11.0,0.8295067968268182,17,1703.0,0.15086192952920166,3,32.0,0.5606312828797813,58,20838.0
3510.0,48,11470.0,60.68783068783069,7.039333986408487,23,18237.0,0.1390078641075792,10,877.0,0.0,0,0.0,0.8974457770576271,1,3.0,0.6164013754398253,0,12.0,0.7980001613212079,0,0.0,0.9379328870264318,2,13.0,0.3480443557698419,9,998.0,0.24673250583692294,3,28.0,0.5313493586469882,48,20168.0
3515.0,48,11520.0,60.63157894736842,7.605644380422195,23,18252.0,0.04547114682754778,10,927.0,0.048572937009509175,1,2.0,0.7450129119722664,2,28.0,0.6783934244043196,0,8.0,0.7606782243178252,0,4.0,0.8481748730732972,5,49.0,0.21867461295074794,5,882.0,0.3762718850878275,2,23.0,0.6037097233168351,48,20175.0
3520.0,58,11772.0,60.68041237113402,7.648678231311179,23,18279.0,0.056791404576114736,10,977.0,0.08790888667747386,2,9.0,0.6183200285358313,2,38.0,0.7169185217057289,1,13.0,0.833344853845232,0,4.0,0.9128730893903536,8,85.0,0.11011476956484773,9,913.0,0.31669083388906016,3,35.0,0.4705560588739094,58,20353.0
3525.0,60,11638.0,59.98969072164948,7.071555478567424,23,18329.0,0.13433909934253407,8,681.0,0.1958381784123207,0,0.0,0.9253280209541495,2,33.0,0.4712410536429483,1,5.0,0.7405392594086532,0,0.0,0.40718669409778985,4,73.0,0.30585133286778526,16,978.0,0.12950660507383774,2,14.0,0.5610882670085969,56,20113.0
3530.0,55,11122.0,58.536842105263155,6.883286873143474,23,18348.0,0.09241784274044886,0,439.0,0.44524020440046475,0,0.0,0.9178891853049169,2,43.0,0.5467624730600716,2,8.0,0.40879307499679474,0,0.0,0.7297159862189521,0,24.0,0.6659231436168547,22,1055.0,0.04330291722833649,0,11.0,0.5800211329663347,49,19928.0
3535.0,65,11379.0,62.18032786885246,6.768080734139141,22,18360.0,0.10256880374943071,1,93.0,0.5307637474352134,0,8.0,0.9484978285967453,4,59.0,0.488487986372404,3,23.0,0.13593264161244512,0,0.0,0.7820021200952454,1,6.0,0.6136805001814868,27,1154.0,0.03509281262889229,1,8.0,0.6257557780561154,59,19711.0
3540.0,64,11646.0,63.989010989010985,6.7154328185756915,24,18381.0,0.01146820583584989,0,0.0,0.9744399382595945,0,12.0,0.8633189034715691,5,82.0,0.3308845688113941,0,0.0,0.9728248526486377,0,0.0,0.9341150090002748,1,12.0,0.2667769509464209,28,1286.0,0.026270630829937133,0,4.0,0.9299274556820168,58,19777.0
3545.0,66,11899.0,66.10555555555555,6.905896342275437,23,18408.0,0.12270256278240257,0,0.0,1.0,2,16.0,0.5958094433318054,6,115.0,0.08686297825843256,0,0.0,0.9274157832777207,0,0.0,1.0,3,24.0,0.5280687506345251,27,1420.0,0.10952868250999391,0,4.0,0.9580663516930116,61,19987.0
3550.0,68,12145.0,68.23033707865169,6.4566962747118515,21,18430.0,0.15078791831002664,0,0.0,1.0,5,36.0,0.5163900790067306,5,67.0,0.26727740302977815,0,0.0,0.9530141111551125,0,0.0,1.0,3,36.0,0.27787209635863647,28,1560.0,0.08736040776580509,0,0.0,0.658115362259528,62,20129.0
3555.0,59,12246.0,69.97714285714285,6.504482176259643,21,18443.0,0.15617770268401404,0,0.0,1.0,3,29.0,0.5999989673691056,0,38.0,0.5326851872521614,1,5.0,0.6030282591304166,0,0.0,0.9399218974459321,4,25.0,0.29882781935844677,29,1705.0,0.08780534326281841,0,1.0,0.6983158812649373,58,20246.0
3560.0,57,12403.0,70.07344632768361,6.9867458979842025,22,18469.0,0.10481738627311757,0,0.0,0.9676739370147718,1,26.0,0.6217757399655055,1,8.0,0.24688954162472762,2,14.0,0.6055743604257101,0,0.0,0.9852133422264151,2,16.0,0.43609789797054027,28,1553.0,0.06029740875018629,1,6.0,0.7459573057054442,57,20092.0
3565.0,55,12246.0,69.57954545454545,6.543730099159518,23,18495.0,0.14895124997397555,0,0.0,0.9871604384704107,2,33.0,0.6354601956871976,1,3.0,0.46318455574817724,3,24.0,0.41843023738991114,0,2.0,0.9267090498576303,4,31.0,0.39627759184468836,19,1429.0,0.11742399449816623,1,10.0,0.6361640239402077,53,20027.0
3570.0,43,12053.0,68.48295454545455,6.663385378890677,24,18531.0,0.07129218683625377,0,0.0,1.0,1,19.0,0.5924746571152671,0,4.0,0.8515565133463653,0,8.0,0.6299947165726164,0,0.0,0.8268924437898832,3,19.0,0.10943499043572606,12,1026.0,0.21255514339495749,1,1.0,0.7110106733506087,41,19608.0
3575.0,39,11879.0,67.11299435028249,7.112393725501815,24,18561.0,0.07791017276495803,0,0.0,1.0,1,16.0,0.5788451905411286,1,15.0,0.6355202643156814,1,6.0,0.7132929560614787,0,0.0,0.9122479171747653,2,28.0,0.2931429517839325,6,1060.0,0.2520225594874556,1,6.0,0.6592808467408314,36,19692.0
3580.0,42,12012.0,68.25,7.5770587030528675,23,18585.0,0.11823075740379749,0,0.0,1.0,2,30.0,0.6951441501551409,2,20.0,0.6139470729408032,1,11.0,0.7568542223371776,0,38.0,0.9029563183800629,3,21.0,0.24394027670012894,7,1089.0,0.20097970616182054,2,17.0,0.6195032571499525,40,19811.0
3585.0,48,12156.0,69.06818181818181,6.833440493792792,23,18613.0,0.08316692006492309,0,0.0,1.0,1,14.0,0.6539543224291001,3,27.0,0.5864856218587683,0,4.0,0.59091983414121,0,22.0,0.9313238717560919,2,6.0,0.48181145775077466,14,1148.0,0.06777561546224517,1,6.0,0.6322978474712053,44,19840.0
3590.0,53,12384.0,68.8,7.0384851278443055,24,18641.0,0.09291773774302987,0,0.0,1.0,1,15.0,0.8099650691632518,3,44.0,0.5240073335846209,1,4.0,0.45023805259190497,0,11.0,0.9592017527911433,0,8.0,0.6302432211495388,21,1240.0,0.07581422888784475,1,7.0,0.37867354787404395,51,19970.0
3595.0,62,12650.0,70.27777777777777,7.236062398047128,23,18663.0,0.10116488272336742,0,0.0,1.0,1,20.0,0.8002797237263073,3,55.0,0.6824418375779169,1,9.0,0.391486500957888,0,0.0,0.9131706009043339,2,9.0,0.5812969983274939,25,1364.0,0.10029031820467946,3,21.0,2.6180720958170192e-05,58,20141.0
3600.0,58,12874.0,71.52222222222223,6.765516445997676,24,18687.0,0.03488658183610495,0,0.0,0.9450157824054116,0,1.0,0.9119440238233418,4,70.0,0.6001247250855393,2,3.0,0.3031809350182188,0,0.0,1.0,0,4.0,0.7834183832093867,25,1485.0,0.09642692851708717,0,0.0,0.9102057475717541,55,20250.0
