step,system_total_stopped,system_total_waiting_time,system_mean_waiting_time,system_mean_speed,2713455438_stopped,2713455438_accumulated_waiting_time,2713455438_average_speed,370205755_stopped,370205755_accumulated_waiting_time,370205755_average_speed,cluster_2713455439_370205651_370205726_stopped,cluster_2713455439_370205651_370205726_accumulated_waiting_time,cluster_2713455439_370205651_370205726_average_speed,cluster_2713455440_370205753_370205754_stopped,cluster_2713455440_370205753_370205754_accumulated_waiting_time,cluster_2713455440_370205753_370205754_average_speed,cluster_2713455441_492430579_492643882_stopped,cluster_2713455441_492430579_492643882_accumulated_waiting_time,cluster_2713455441_492430579_492643882_average_speed,cluster_370205730_370205735_5216485104_5216485107_#2more_stopped,cluster_370205730_370205735_5216485104_5216485107_#2more_accumulated_waiting_time,cluster_370205730_370205735_5216485104_5216485107_#2more_average_speed,cluster_4150407559_4150407560_491542284_492430582_#1more_stopped,cluster_4150407559_4150407560_491542284_492430582_#1more_accumulated_waiting_time,cluster_4150407559_4150407560_491542284_492430582_#1more_average_speed,joinedS_492643878_492643880_stopped,joinedS_492643878_492643880_accumulated_waiting_time,joinedS_492643878_492643880_average_speed,joinedS_492643897_541338683_stopped,joinedS_492643897_541338683_accumulated_waiting_time,joinedS_492643897_541338683_average_speed,agents_total_stopped,agents_total_accumulated_waiting_time
5.0,0,0.0,0.0,13.670251809941107,0,0.0,1.0,0,0.0,1.0,0,0.0,1.0,0,0.0,1.0,0,0.0,0.9914448246987652,0,0.0,1.0,0,0.0,1.0,0,0.0,0.9241274444544525,0,0.0,1.0,0,0.0
10.0,0,0.0,0.0,12.59422827141688,0,0.0,1.0,0,0.0,0.9296112298160011,0,0.0,0.9902943666182946,0,0.0,1.0,0,0.0,0.9291937946865654,0,0.0,1.0,0,0.0,1.0,0,0.0,0.9847589935572145,0,0.0,1.0,0,0.0
15.0,0,0.0,0.0,12.669896054411415,0,0.0,0.35861080291194913,0,0.0,0.9906955339925616,0,0.0,0.9249489603443375,0,0.0,0.9251904114984021,0,0.0,1.0,0,0.0,0.9904080907324864,0,0.0,1.0,0,0.0,0.7999093719337408,0,0.0,1.0,0,0.0
20.0,1,3.0,0.13043478260869565,10.080191225389983,0,0.0,0.7601138158570971,0,0.0,0.7429583793145922,0,0.0,0.970998095875977,0,0.0,0.9532654817656085,0,0.0,1.0,0,0.0,0.9206133512138112,0,0.0,0.9716007793016784,1,3.0,0.4287889456969801,0,0.0,0.8193584631949615,1,3.0
25.0,1,3.0,0.10344827586206896,10.307821126328262,0,0.0,0.4591880106493546,0,0.0,0.9577854582749431,0,0.0,0.9672267611638546,0,0.0,1.0,0,0.0,1.0,0,0.0,1.0,0,0.0,0.3016527392206456,1,3.0,0.6208771450821037,0,0.0,0.8939435398645362,1,3.0
30.0,1,8.0,0.23529411764705882,11.39443368139051,0,0.0,1.0,0,0.0,1.0,0,0.0,0.960012163500329,0,0.0,0.9566582672571305,0,4.0,0.5390381031089571,0,0.0,1.0,0,0.0,0.7694151397964687,1,5.0,0.7743479397671211,0,1.0,0.980847099354359,1,10.0
35.0,4,18.0,0.45,10.846711231672014,0,0.0,1.0,0,0.0,1.0,0,0.0,0.9735909649730904,2,3.0,0.18148641341288063,0,0.0,0.9993568700322059,0,0.0,1.0,0,0.0,0.6649526062929756,1,5.0,0.6505765555633883,0,1.0,0.9502881761357941,3,9.0
40.0,3,26.0,0.5909090909090909,10.49870293548096,0,0.0,0.9862721169471373,0,0.0,1.0,0,0.0,0.9565807768084382,0,0.0,0.5529278058083832,0,0.0,0.7449609186658183,0,0.0,1.0,0,0.0,0.638580711021637,2,11.0,0.5736567811973163,0,2.0,0.9508492292787118,2,13.0
45.0,5,35.0,0.7142857142857143,9.20094067787901,0,0.0,0.173105601541994,0,0.0,1.0,0,0.0,0.9619841085967455,0,0.0,1.0,0,0.0,0.7431680471036741,0,0.0,1.0,1,2.0,0.4947376524034298,3,22.0,0.38534324297169936,0,1.0,0.6289336545931655,4,25.0
50.0,9,68.0,1.2363636363636363,8.948966014874637,1,4.0,0.0,0,0.0,1.0,0,0.0,0.9643756869818796,0,0.0,1.0,0,0.0,0.9642373420268776,0,0.0,1.0,0,1.0,0.5182258024036657,4,40.0,0.3101264182333739,3,8.0,0.40615537344953306,8,53.0
55.0,11,105.0,1.75,8.32342528846111,1,9.0,0.18056001961940918,0,0.0,1.0,0,0.0,0.9924919426661075,0,2.0,0.8420290629669146,0,0.0,0.4204243480106603,0,0.0,0.938238862648495,1,3.0,1.4342292251228544e-05,4,46.0,0.2143780067190048,4,26.0,0.11532673008800305,10,86.0
60.0,10,116.0,1.7846153846153847,8.87497561001123,0,0.0,0.6736021158599077,0,0.0,0.9864143611164529,0,4.0,0.9199749162879383,0,2.0,0.926349377472731,1,9.0,0.2399311936607744,0,0.0,0.9228592739496335,1,8.0,0.6568440651860189,5,57.0,0.24168137646330454,2,20.0,0.0,9,100.0
65.0,8,126.0,1.7746478873239437,9.141519642470882,0,0.0,0.48247755061177555,0,4.0,0.9310528673378583,0,0.0,0.9420387026797247,0,0.0,0.6953373366850283,0,0.0,0.871189740554037,0,0.0,1.0,0,1.0,0.7480158821894108,6,86.0,0.22250618418778473,1,13.0,0.4549546218882511,7,104.0
70.0,9,130.0,1.7105263157894737,9.343060779826295,0,0.0,1.0,1,5.0,0.6229698308232388,0,0.0,0.9896325566377013,2,11.0,0.4959105104747054,0,0.0,0.9397843481989346,0,0.0,0.30950814475254396,0,1.0,0.874467682035449,3,70.0,0.39688804568226216,1,19.0,0.7273209378308619,7,106.0
75.0,6,119.0,1.451219512195122,9.891588085380791,0,0.0,0.9601992030612228,1,10.0,0.6081980317057075,0,0.0,0.9296730666367464,2,13.0,0.34189125985444635,0,0.0,0.9706541197311656,0,0.0,0.963541068369578,0,0.0,0.7274681405109851,2,77.0,0.42558965696876855,1,29.0,0.7685117202501164,6,129.0
80.0,7,143.0,1.6436781609195403,10.419128285921266,0,1.0,0.9623649923603452,1,15.0,0.7353536860702767,0,4.0,0.9367127938715462,2,12.0,0.29880916968367455,0,8.0,0.8527518862016878,0,0.0,0.8904843951185507,0,0.0,1.0,3,88.0,0.36637966277539125,1,65.0,0.6615275998942696,7,193.0
85.0,8,166.0,1.8241758241758241,10.087923081294894,0,1.0,0.9603111974963453,0,4.0,0.9117735570091586,1,5.0,0.6529944436518166,3,29.0,0.3770491186335265,0,4.0,0.9484072082991413,0,0.0,1.0,0,0.0,0.511106343743605,3,103.0,0.026196133581058267,1,69.0,0.7356176549569063,8,215.0
90.0,7,71.0,0.7634408602150538,10.0169965570316,0,1.0,0.7174586593495254,0,4.0,0.906976552305063,1,12.0,0.7593699782005233,0,4.0,0.9260534079249279,0,4.0,0.8632632364642359,0,0.0,1.0,0,0.0,0.9298670503001076,3,24.0,0.27784534033363656,2,43.0,0.6400613254985744,6,92.0
95.0,6,53.0,0.5578947368421052,9.86697863058377,2,3.0,0.4299687680052135,1,5.0,0.786487725037531,0,6.0,0.7537148265243795,0,4.0,0.8807771070548279,0,0.0,0.4915604553954288,0,0.0,1.0,0,0.0,0.6087261388924478,0,0.0,0.6356339262763709,3,54.0,0.37985479011121537,6,72.0
100.0,7,85.0,0.85,10.08922646240387,1,7.0,0.630469178558343,0,0.0,0.8983428998280705,0,4.0,0.9519518149168075,1,4.0,0.7840246398144911,1,9.0,0.5868799727453294,0,0.0,1.0,1,6.0,0.7338615780368563,0,0.0,0.8241280424601884,3,79.0,0.4820495794755543,7,109.0
105.0,8,63.0,0.6057692307692307,9.847151501072508,1,12.0,0.6543665525973182,1,1.0,0.6272113568033406,0,4.0,0.9034730560515303,1,9.0,0.72539393886297,2,19.0,0.6782541800312991,0,0.0,0.9698290613837133,1,11.0,0.4898577287504133,0,0.0,0.850905277304567,1,26.0,0.5565937359781559,7,82.0
110.0,10,65.0,0.5963302752293578,9.53503490351241,2,21.0,0.4644016593834812,1,6.0,0.6282316847820962,0,0.0,0.7582564343490648,1,14.0,0.5401375183981862,0,6.0,0.6486317711792301,0,0.0,0.8417692572512825,1,5.0,0.5103660827570679,1,6.0,0.719634667344725,2,22.0,0.5741712046955609,8,80.0
115.0,17,129.0,1.131578947368421,9.760661135702648,3,36.0,0.4500972780412721,0,0.0,0.8708030265240003,1,4.0,0.8098119538592694,2,26.0,0.47129573040241696,1,4.0,0.6117887207343816,0,0.0,0.4901780828833211,1,7.0,0.7586354170311536,2,15.0,0.565684354481533,4,36.0,0.1504698219816811,14,128.0
120.0,22,171.0,1.4615384615384615,8.752041186544053,3,27.0,0.23184982687146602,1,1.0,0.37134654329530803,2,14.0,0.7579239489452038,3,17.0,0.5416469235892019,3,15.0,0.49295040098412907,0,0.0,0.9335652094672868,2,13.0,0.44163965707626024,1,16.0,0.38879449414335937,5,61.0,0.14347116905144855,20,164.0
125.0,16,131.0,1.1196581196581197,8.259741424338952,3,26.0,0.15752408029321993,2,11.0,0.30813731979345965,1,10.0,0.7618997722727098,1,10.0,0.7365127998497456,1,11.0,0.6520253375314067,0,0.0,1.0,1,4.0,0.3412762484505091,3,25.0,0.2249393856022841,2,24.0,0.44303291763797076,14,121.0
130.0,12,84.0,0.6942148760330579,8.773125812380847,3,29.0,0.0,0,8.0,0.9278998700088189,0,4.0,0.8633306641658621,3,20.0,0.3460122037562603,1,10.0,0.5133536638751015,0,0.0,1.0,1,5.0,0.5832628531020042,4,37.0,0.14778768585664573,0,12.0,0.7394635968210119,12,125.0
135.0,9,71.0,0.5772357723577236,9.634142918977608,2,30.0,0.3222507175952468,0,8.0,0.9299203906254977,0,0.0,0.9405985020414642,0,0.0,0.7771256621127282,3,22.0,0.4170159282087706,0,0.0,0.9701354539404329,2,13.0,0.38727152850082225,1,24.0,0.45815108576918323,0,2.0,0.7778208419747473,8,99.0
140.0,6,62.0,0.496,10.056363314634686,2,24.0,0.4323658774411239,0,8.0,0.8968302881001797,0,4.0,0.8357162094681838,0,0.0,0.6791556262594243,3,33.0,0.42709882974190866,0,0.0,1.0,0,21.0,0.5190478338851935,1,28.0,0.6346330079207657,0,4.0,0.8407496533897052,6,122.0
145.0,7,69.0,0.5476190476190477,9.852157716700564,3,38.0,0.46543840809900017,0,9.0,0.9090769892645443,1,5.0,0.7659671346636127,1,9.0,0.7516886273718989,0,29.0,0.5636142997921789,0,0.0,1.0,0,21.0,0.45203560941362236,2,28.0,0.5047105234189918,0,8.0,0.7548543350912058,7,147.0
150.0,11,48.0,0.366412213740458,9.427752354284243,1,6.0,0.36715109482458264,0,9.0,0.9467094020550516,1,10.0,0.7528016450747828,1,16.0,0.702255806962127,0,9.0,0.719339177661051,0,0.0,0.9799418560073591,2,10.0,0.5728940409231696,3,13.0,0.425481842250627,1,5.0,0.45306352526156785,9,78.0
155.0,14,67.0,0.5,8.983723174324563,2,12.0,0.30668159460500943,0,5.0,0.9229050308372712,2,20.0,0.5725196396381588,2,22.0,0.6983221757480214,1,11.0,0.5919520303432197,0,24.0,0.8708805681346453,0,5.0,0.5627362105563889,2,12.0,0.6189394967818885,3,6.0,0.4309959487484352,12,117.0
160.0,17,106.0,0.7737226277372263,8.851471826788258,2,21.0,0.48750842866164157,0,1.0,0.8902959119283593,5,39.0,0.4390236849979864,2,7.0,0.41184268326850615,2,18.0,0.48390232246458936,0,0.0,0.9521237135471955,1,8.0,0.636652149167813,2,20.0,0.5212148869992906,2,8.0,0.3180718093035525,16,122.0
165.0,28,206.0,1.5036496350364963,8.701930261965863,4,19.0,0.3714367954816094,0,1.0,0.9430717314923684,5,55.0,0.43968311441552876,5,24.0,0.43892924141998363,5,39.0,0.4569594083992678,0,0.0,0.9407173403685091,2,21.0,0.4653637448575714,2,29.0,0.34562866729786146,2,17.0,0.310486080162328,25,205.0
170.0,28,238.0,1.7122302158273381,8.499776768846322,4,32.0,0.35120534035864354,0,1.0,0.9698034889767723,5,69.0,0.5065905866684957,6,54.0,0.3806947036401923,4,42.0,0.42801897066048644,0,0.0,1.0,1,1.0,0.5684218233909071,3,17.0,0.22877633137260828,2,32.0,0.5747003003678844,25,248.0
175.0,20,186.0,1.3285714285714285,7.8247330881367185,5,65.0,0.39154109171219037,0,1.0,0.6936318008189105,2,25.0,0.4361151635145952,4,58.0,0.22537437371588917,0,39.0,0.30152375174254825,0,0.0,0.9687666805528042,2,7.0,0.4698186459734221,3,22.0,0.3301386076552062,0,5.0,0.6091438232609603,16,222.0
180.0,21,161.0,1.1258741258741258,8.575217228598081,6,70.0,0.27991467526718156,0,0.0,0.9548115538845674,2,12.0,0.5382815163212851,0,19.0,0.5564110545336598,2,23.0,0.514186348037376,0,0.0,0.9351567024374753,4,27.0,0.32752596927132865,4,44.0,0.5106020927101954,2,17.0,0.45770216753950693,20,212.0
185.0,17,147.0,1.0352112676056338,9.255705130590425,5,67.0,0.20695239469324198,0,0.0,0.9092590303248562,2,18.0,0.5233596289738366,0,8.0,0.8235340583907083,1,15.0,0.6074409304007,0,0.0,0.9337928836338535,5,20.0,0.47694055958073067,1,9.0,0.7248843323739758,2,31.0,0.5543952714685658,16,168.0
190.0,13,156.0,1.0684931506849316,9.472915159948478,6,92.0,0.24385799680191175,0,0.0,0.9178691155241577,0,0.0,0.9057125926080544,0,8.0,0.6979037195370859,2,29.0,0.41183724910350517,0,0.0,1.0,1,19.0,0.5568411468257775,1,18.0,0.6559386181295124,1,9.0,0.6741251988308946,11,175.0
195.0,21,171.0,1.1554054054054055,8.924811993572353,4,49.0,0.454562856758091,0,0.0,0.9780421816287453,1,5.0,0.7879460814824834,3,15.0,0.5789107522874867,3,40.0,0.2931328240339361,0,0.0,1.0,5,28.0,0.3090879146579031,1,19.0,0.570615302123913,1,10.0,0.6250986052082876,18,166.0
200.0,22,186.0,1.273972602739726,9.033227248834478,3,36.0,0.4776707718685355,0,8.0,0.8644642061931942,1,10.0,0.7448120990753395,4,15.0,0.470903192019147,3,35.0,0.43456445434042035,0,0.0,1.0,5,47.0,0.2583545509871073,2,21.0,0.28543323227955986,1,15.0,0.6848467798544285,19,187.0
205.0,20,190.0,1.2925170068027212,8.65600462623243,3,51.0,0.4223108670097325,1,11.0,0.7077119605153319,2,8.0,0.575270740899394,4,28.0,0.47710480947367184,0,27.0,0.5629372373584648,0,0.0,0.7313919372284534,1,21.0,0.3656223670538629,4,38.0,0.2561551125426443,1,3.0,0.6716440016122245,16,187.0
210.0,24,257.0,1.7248322147651007,9.098241477608276,6,41.0,0.3428729339356826,1,16.0,0.7416103512373428,0,10.0,0.835041610738344,6,49.0,0.41453354968912776,0,11.0,0.7550465235018224,0,16.0,0.9563987510467319,2,16.0,0.32878056771419073,4,58.0,0.5027993775666597,1,7.0,0.7101471490249868,20,224.0
215.0,25,235.0,1.5666666666666667,8.86827987767866,9,87.0,0.36763137616896324,0,8.0,0.9249299871502215,0,4.0,0.8400490731206395,7,77.0,0.43444521010369724,1,13.0,0.641393443151615,0,16.0,0.937220593995278,2,11.0,0.49248447195140505,2,28.0,0.6936493344174492,2,13.0,0.4536119334837428,23,257.0
220.0,25,280.0,1.8918918918918919,7.924741519536139,11,137.0,0.2861184052082,0,8.0,0.7012710896105906,1,56.0,0.8121383983155208,5,58.0,0.36354931706170973,2,19.0,0.3319582190984941,0,0.0,1.0,1,14.0,0.3883868815090873,2,38.0,0.5156534930141038,1,17.0,0.7768763639301264,23,347.0
225.0,27,266.0,1.7852348993288591,7.9300140150137315,13,153.0,0.17392890451766568,2,18.0,0.6137154775907945,1,15.0,0.7278210071505234,1,52.0,0.3966520726900468,3,34.0,0.24908974903724526,0,0.0,0.4803806493311623,3,26.0,0.4446727859929429,3,51.0,0.17158052145562716,0,16.0,0.9395360678735516,26,365.0
230.0,28,254.0,1.7046979865771812,7.806124672994371,12,173.0,0.19809430170681036,1,11.0,0.4153891138106602,1,20.0,0.6144468867283608,1,25.0,0.45592228025598236,3,32.0,0.48043354616233463,0,0.0,0.9456539671464624,1,10.0,0.6993073844533839,5,63.0,0.20832626785814284,2,51.0,0.6382114305155596,26,385.0
235.0,25,267.0,1.804054054054054,7.959055396581945,10,177.0,0.14196409240324342,1,7.0,0.45207035175794485,2,5.0,0.4867738402227578,1,20.0,0.6297069893905728,0,20.0,0.5051160366809673,0,0.0,0.97317168797048,1,8.0,0.690948295787786,3,73.0,0.3483781233712091,3,56.0,0.3722565231449206,21,366.0
240.0,30,310.0,2.026143790849673,7.9634781850029395,13,151.0,0.11619032642892195,1,12.0,0.4807010485682266,2,19.0,0.6647405719972046,1,17.0,0.7870440112898389,1,12.0,0.4650357759466045,0,0.0,0.9382246739876399,2,16.0,0.49811695284745483,3,96.0,0.5588836247822371,1,45.0,0.5599481262047702,24,368.0
245.0,27,176.0,1.1503267973856208,8.209568692983568,5,125.0,0.28027433534188834,0,4.0,0.9768351969361772,2,33.0,0.6506636123917361,3,28.0,0.5618371982644337,2,4.0,0.6518884300789005,0,0.0,0.9499550792788212,2,15.0,0.31145348374400117,1,11.0,0.6790615132889668,5,61.0,0.46005745331586195,20,281.0
250.0,23,165.0,1.0855263157894737,8.945622021109475,6,96.0,0.33627615353068546,0,4.0,0.8792834425410657,0,4.0,0.7118459243815635,4,12.0,0.4255434489386876,0,0.0,0.8314416079431209,0,0.0,0.9624376151432682,2,43.0,0.535829095334307,2,20.0,0.6553133625870429,2,17.0,0.6154056843635336,16,196.0
255.0,22,186.0,1.1923076923076923,9.185544665304166,7,111.0,0.33196163654557687,0,4.0,0.8755883211855721,0,8.0,0.9461778820971034,2,15.0,0.3771201861537985,1,17.0,0.5771560282268637,0,0.0,1.0,4,60.0,0.3901980062830513,4,38.0,0.3732785603502201,2,47.0,0.2611984949178639,20,300.0
260.0,31,227.0,1.474025974025974,8.539190532152393,6,97.0,0.1913905490636384,0,8.0,0.969619831821881,0,8.0,0.8299764847151179,6,31.0,0.1696099096529077,3,29.0,0.643099286100119,0,0.0,1.0,3,62.0,0.4117751534299243,4,35.0,0.27893129575269215,4,70.0,0.42395448014674175,26,340.0
265.0,18,153.0,1.0337837837837838,8.191967562593884,7,108.0,0.127526670311973,0,8.0,0.935503975774623,0,4.0,0.832144503182252,1,13.0,0.726065357263647,1,19.0,0.6849430939874409,0,0.0,0.5778959663198596,2,30.0,0.40533019221368827,3,27.0,0.38621063464620187,1,37.0,0.5086763978372032,15,246.0
270.0,22,171.0,1.1875,8.943876542734422,9,103.0,0.018969756997810824,0,8.0,0.9402583119559859,0,12.0,0.9024814849276215,0,12.0,0.8736713138174246,1,19.0,0.4334943926723007,0,0.0,0.9520458024119604,3,50.0,0.44054727606297533,4,32.0,0.3020812963357556,3,72.0,0.3745758915678103,20,308.0
275.0,23,189.0,1.2684563758389262,9.729888197831105,7,95.0,0.11054189063626935,0,8.0,0.930790304965465,0,12.0,0.8262499275071985,0,12.0,0.9525886616641202,3,27.0,0.5781398134012643,0,0.0,0.9977873582917859,1,37.0,0.7266434446041928,4,35.0,0.31168270226305855,5,110.0,0.43953670043692783,20,336.0
280.0,15,185.0,1.2585034013605443,9.471017760304948,7,113.0,0.2055779833403195,0,4.0,0.976571833248445,0,5.0,0.8526425499032338,0,8.0,0.786380489961267,0,12.0,0.7888242243924004,0,0.0,1.0,0,53.0,0.7815517893411726,1,27.0,0.5236334332483378,5,108.0,0.38542498893060056,13,330.0
285.0,15,156.0,1.033112582781457,9.438405665433816,4,88.0,0.3066347442575502,0,4.0,0.94571262155553,1,8.0,0.8598486855183356,2,15.0,0.6705293983873446,0,0.0,0.6007337057876948,0,0.0,1.0,1,42.0,0.5813533954646984,2,24.0,0.1894046380502506,1,80.0,0.5535588641740955,11,261.0
290.0,16,116.0,0.7733333333333333,9.473155564758887,1,78.0,0.5162131956874093,0,8.0,0.9438717290664479,1,13.0,0.825562936647466,3,33.0,0.6271384445061388,3,13.0,0.39108251265933225,0,0.0,1.0,0,40.0,0.43134870741021086,2,14.0,0.5959347894485156,2,25.0,0.564834173019891,12,224.0
295.0,18,162.0,1.0588235294117647,9.49041278025637,3,48.0,0.47089579131019776,0,8.0,0.910007859791667,2,20.0,0.7316461327682426,2,56.0,0.6686640617855913,3,28.0,0.395800976605608,0,6.0,0.9275952060042746,3,62.0,0.3584378949880188,1,15.0,0.7472387519799221,2,21.0,0.6329542875334548,16,264.0
300.0,17,124.0,0.8157894736842105,8.542180258167045,2,30.0,0.36269297309137716,1,9.0,0.7435700330061422,3,24.0,0.6308846215882493,1,33.0,0.572071036960373,1,17.0,0.2970693513817935,0,0.0,0.9373301098157981,4,63.0,0.24984305621847952,1,20.0,0.6800031414026787,4,46.0,0.5241401030779876,17,242.0
305.0,17,114.0,0.75,8.546382739738545,2,29.0,0.5525116782504694,0,4.0,0.904086654111418,2,9.0,0.6364022797294973,5,50.0,0.392357361689228,0,6.0,0.6026161193536409,0,0.0,0.5738933430588001,4,32.0,0.3045394196302093,0,0.0,0.7056523697969563,4,66.0,0.5134581219063596,17,196.0
310.0,22,132.0,0.868421052631579,8.345381888841748,3,36.0,0.5516352539577992,1,6.0,0.6839830559561686,4,25.0,0.3068475597126904,7,83.0,0.4820945897979239,1,7.0,0.39689425200864886,0,0.0,0.941423176043824,2,20.0,0.44645489419198686,1,3.0,0.4523465766726295,1,23.0,0.6517573886579265,20,203.0
315.0,27,189.0,1.2272727272727273,8.465536633434276,4,48.0,0.40672871929641363,1,11.0,0.5970841671594204,6,58.0,0.24759645893728024,5,78.0,0.4291155613485641,3,21.0,0.4403992060225555,0,0.0,0.9728754129709419,5,31.0,0.48146365671169417,3,19.0,0.5260705935311738,0,6.0,0.7675168192052708,27,272.0
320.0,23,206.0,1.355263157894737,8.645787268483517,6,72.0,0.223680320202951,1,1.0,0.6949854971798353,3,41.0,0.2815413300583168,2,65.0,0.548438677053047,4,43.0,0.5642832291884587,0,0.0,0.9491539872573224,5,56.0,0.3375577118818541,1,11.0,0.6352302367540927,0,6.0,0.6619462068557697,22,295.0
325.0,27,198.0,1.32,8.415604871009252,5,72.0,0.1655545000811342,1,5.0,0.48068405661777486,1,22.0,0.4809359224214685,2,35.0,0.5153355054830957,3,49.0,0.5699180484560165,0,0.0,0.9794609548536864,4,40.0,0.4059872400553938,4,15.0,0.5928679608672174,1,11.0,0.7781523694937055,21,249.0
330.0,19,185.0,1.2171052631578947,8.659879369454183,5,88.0,0.2906715306928856,1,14.0,0.6893654192609077,3,21.0,0.47508581933556143,3,45.0,0.5119166726414818,0,23.0,0.5085929807604236,0,0.0,1.0,0,18.0,0.5435924317116985,4,22.0,0.47328354379731186,1,11.0,0.7286298939399715,17,242.0
335.0,21,206.0,1.3290322580645162,8.222351020482169,6,108.0,0.3152985872500626,0,4.0,0.931167155856951,0,5.0,0.9030237633523135,4,57.0,0.44838867491246903,2,12.0,0.24923862134703637,0,0.0,1.0,2,21.0,0.464613916609516,2,8.0,0.3600701134483353,2,21.0,0.47146520187008106,18,236.0
340.0,20,205.0,1.314102564102564,8.288907422124646,5,95.0,0.3053487750560924,0,4.0,0.9379332315283972,0,12.0,0.8684450078553534,5,57.0,0.5112439071025979,3,26.0,0.2578430051797101,0,0.0,1.0,2,35.0,0.3979221439292888,2,4.0,0.2321709865274245,2,11.0,0.3069380438196564,19,244.0
345.0,21,122.0,0.782051282051282,8.66810928525855,2,81.0,0.3645204837550118,0,0.0,0.6795827878089757,0,10.0,0.8580522562177701,4,54.0,0.3263393799764916,4,36.0,0.4975088256199997,0,0.0,0.9668652756035124,4,41.0,0.357457872140018,3,26.0,0.5727321867569382,2,5.0,0.45304327269610284,19,253.0
350.0,28,189.0,1.18125,8.812166495160255,3,41.0,0.38020686581587326,0,0.0,0.635109558839431,1,8.0,0.8199454534230656,7,63.0,0.29165535742017107,4,57.0,0.5987991301478837,0,0.0,0.9243741876666052,5,76.0,0.2331840036244573,2,28.0,0.5912837238322638,3,17.0,0.4226162986059676,25,290.0
355.0,21,162.0,0.9938650306748467,8.475520791214906,3,39.0,0.2617586344829522,0,0.0,0.5190402905789869,1,15.0,0.8552015722638348,4,36.0,0.36533150848653384,3,59.0,0.5086647621053142,0,0.0,1.0,7,90.0,0.1758807741346254,0,19.0,0.7527778301882059,2,14.0,0.6142284899023007,20,272.0
360.0,20,119.0,0.7345679012345679,8.876397402089463,5,44.0,0.36477185598328227,2,10.0,0.4650875558838559,1,21.0,0.7217511686698175,4,21.0,0.25427631317279664,1,56.0,0.3976413084168146,0,0.0,1.0,4,79.0,0.2893383872023355,1,9.0,0.4163752906979848,0,6.0,0.840013358897655,18,246.0
365.0,24,135.0,0.8598726114649682,8.264783827820358,9,77.0,0.09964792019685048,0,4.0,0.4972699447224197,2,11.0,0.6810756008755806,3,35.0,0.5429354722150055,1,24.0,0.5311706598845839,0,1.0,0.9390063186232682,2,9.0,0.44163774986217025,3,10.0,0.4689448212985975,1,2.0,0.758304722691246,21,173.0
370.0,23,179.0,1.1548387096774193,8.110471041378144,8,88.0,0.2278858719798479,1,8.0,0.6779352882359647,2,10.0,0.5087427516079503,1,23.0,0.6037118158607139,1,27.0,0.4391305112922377,0,0.0,0.961123607321642,3,22.0,0.12295616868108081,1,10.0,0.5307887003623126,1,11.0,0.6839518726227773,18,199.0
375.0,21,174.0,1.0943396226415094,8.548058572770797,8,102.0,0.3068359241888242,1,13.0,0.7101330606554113,1,11.0,0.39533351437670367,2,18.0,0.6946168249487167,0,11.0,0.4604267093225754,0,2.0,0.8791483233192096,2,14.0,0.3888119432339613,2,16.0,0.6988145908747281,3,20.0,0.4628988683404063,19,207.0
380.0,26,224.0,1.4177215189873418,8.381026433033709,9,135.0,0.30093077367934384,0,4.0,0.7699878048624466,0,11.0,0.8509528838064592,4,37.0,0.3847226448393136,4,25.0,0.4129075860054924,0,2.0,0.8348566873958064,2,14.0,0.26903527607164257,3,28.0,0.5353420418482497,1,10.0,0.7623968069733007,23,266.0
385.0,30,264.0,1.6815286624203822,7.949026946107209,8,110.0,0.26506267965635566,0,4.0,0.8372708607775653,2,15.0,0.6410693084175288,2,15.0,0.533353337714354,4,45.0,0.2939978215254097,0,2.0,0.9622186568478636,3,30.0,0.24331083432193967,4,38.0,0.43815228040946486,1,11.0,0.6212238472671903,24,270.0
390.0,27,240.0,1.5686274509803921,8.247120046842515,5,91.0,0.3298562656139165,0,0.0,0.8943688331680812,2,25.0,0.634512444889791,0,3.0,0.8397170652383648,3,41.0,0.24843893239326845,0,0.0,0.9492595864280112,4,29.0,0.29132336022445454,6,57.0,0.46719617432295407,1,11.0,0.6770876175413539,21,257.0
395.0,19,228.0,1.4901960784313726,9.061756615843894,5,60.0,0.37704974000585667,0,0.0,0.8696620649222216,2,22.0,0.5999446785492409,1,5.0,0.7041080246824556,0,24.0,0.6549005990915023,0,0.0,0.7527938911843947,1,4.0,0.5700201002980579,6,84.0,0.42956215082533566,1,2.0,0.49881982193188457,16,201.0
400.0,17,250.0,1.6233766233766234,9.338739576889514,6,80.0,0.324428727041227,0,0.0,0.8937751344718083,0,13.0,0.7997787970618704,0,4.0,0.9534672994257514,0,4.0,0.8117595978532823,0,5.0,0.8992221479141574,2,9.0,0.38956732373689457,6,89.0,0.3716417936600452,1,24.0,0.7038087439018279,15,228.0
405.0,18,245.0,1.6013071895424837,9.092226144445126,7,85.0,0.27190310608182827,0,0.0,0.4779865914511523,0,13.0,0.8892217286695081,0,0.0,0.863852517784544,0,8.0,0.7131164936780501,0,6.0,0.9419405508322485,2,12.0,0.2562030449186361,3,67.0,0.4751685421599898,2,39.0,0.47161522631460645,14,230.0
410.0,19,263.0,1.7077922077922079,8.717321508104224,4,93.0,0.3732156315608571,1,2.0,0.4627091820375312,0,13.0,0.7811586083036339,2,6.0,0.3250536549983663,1,13.0,0.6634216075070009,0,1.0,0.9339991100169458,0,14.0,0.37228250242754346,4,70.0,0.45463046682172287,1,27.0,0.03418936765547198,13,239.0
415.0,25,201.0,1.3137254901960784,8.890705864980019,6,93.0,0.30858615845574383,1,7.0,0.4213906553408457,1,11.0,0.6778820389753648,1,2.0,0.6495688535854587,2,20.0,0.6797022818367816,0,0.0,0.9527818953122622,2,35.0,0.4875770172987685,5,46.0,0.41684945073520546,3,42.0,0.22525826101081342,21,256.0
420.0,28,268.0,1.7986577181208054,9.183812956781443,6,116.0,0.3791414185317595,2,15.0,0.3139825016658733,2,16.0,0.48124699827293077,0,0.0,0.6761604133201067,2,14.0,0.7068345677450626,0,0.0,1.0,4,80.0,0.36674365933869385,4,51.0,0.28765344327132153,3,57.0,0.22024120743657585,23,349.0
425.0,20,257.0,1.748299319727891,8.752685048634037,6,127.0,0.40024960817392957,0,0.0,0.9927027609806042,3,29.0,0.3171780773954576,0,8.0,0.8799993801619972,2,12.0,0.5305311316707513,0,0.0,0.9421732838741615,1,29.0,0.4072285768003068,5,74.0,0.26749225297736834,0,8.0,0.8358855085168189,17,287.0
430.0,23,186.0,1.2653061224489797,8.390301890980018,5,117.0,0.33065028560327253,0,4.0,0.4902909132886756,1,18.0,0.6198835230006804,0,8.0,0.9322608653170256,4,19.0,0.43259615875831514,0,0.0,0.9425735192237551,4,40.0,0.3722066736164539,6,75.0,0.18345509981299332,0,4.0,0.779386050338897,20,285.0
435.0,22,146.0,0.9864864864864865,8.523386455238795,8,97.0,0.14862944061239655,1,7.0,0.44787211461009274,0,0.0,0.8251590391405377,0,8.0,0.7046355340442976,2,4.0,0.38598189451189335,0,0.0,0.9827533279534209,4,34.0,0.3981501515036632,4,74.0,0.307405726359107,1,8.0,0.6663796802922187,20,232.0
440.0,26,192.0,1.28,8.169672287475246,11,114.0,0.07631547661446555,0,4.0,0.9576230052851064,0,0.0,0.8724193858048298,3,18.0,0.6314219032431188,3,16.0,0.3929722287828892,0,0.0,1.0,2,41.0,0.504780957869451,5,80.0,0.2736230455585804,0,4.0,0.6442099930995385,24,277.0
445.0,26,206.0,1.3825503355704698,8.570571816196406,7,135.0,0.2590479248353491,0,8.0,0.9317632011439564,0,4.0,0.9387353438940961,2,26.0,0.6257976491283935,4,36.0,0.34000268884991286,0,0.0,0.7593666630499141,4,57.0,0.49309739114561757,3,32.0,0.3842955399927031,0,4.0,0.9707416157420554,20,302.0
450.0,26,243.0,1.609271523178808,8.50694517232874,8,154.0,0.1486808623578723,0,8.0,0.957146597080106,0,4.0,0.8151867067780532,4,25.0,0.3356982820719339,2,24.0,0.4937287065182906,0,0.0,0.9702034257296989,3,39.0,0.3861180788458342,2,17.0,0.4899409658935086,0,0.0,0.8772157340526725,19,271.0
455.0,27,270.0,1.8243243243243243,8.582292019835227,8,163.0,0.24067069772997432,0,8.0,0.9418835688558834,1,7.0,0.7516132054425305,7,60.0,0.22293537171267933,1,15.0,0.7125648493519734,0,0.0,1.0,2,21.0,0.2074648240706179,2,27.0,0.6423369548102594,0,5.0,0.8967757693807186,21,306.0
460.0,19,240.0,1.6666666666666667,8.867709054777478,4,160.0,0.27752490372235855,0,4.0,0.9220093248089323,2,16.0,0.7303934822493486,4,47.0,0.5746821351519945,1,20.0,0.7627178812449443,0,0.0,1.0,3,21.0,6.972408760756943e-05,1,19.0,0.5749641515802465,0,5.0,0.9002787645362945,15,292.0
465.0,14,171.0,1.1793103448275861,8.518630471484002,6,131.0,0.33365885559177455,0,5.0,0.9233247494887724,1,9.0,0.8214064128775819,0,15.0,0.701292554012241,2,29.0,0.4081404535073804,0,0.0,0.9339460016395303,1,16.0,0.511203461530671,2,27.0,0.5730982155055527,0,3.0,0.3876643577960689,12,235.0
470.0,22,176.0,1.24822695035461,8.695398278664086,7,117.0,0.19597302245808068,0,5.0,0.9393129656808172,1,1.0,0.8564264008727646,1,6.0,0.7576240831125137,1,6.0,0.482162200192866,0,0.0,0.9447627053776105,3,28.0,0.4603381995536123,5,44.0,0.25589147560214903,1,2.0,0.4858853331551068,19,209.0
475.0,17,154.0,1.0769230769230769,8.941214693550256,8,122.0,0.1809421370223854,0,5.0,0.530835306511186,1,6.0,0.693187594173132,1,19.0,0.6963120907541507,2,10.0,0.5673602815338666,0,6.0,0.9622025441323654,3,45.0,0.4550038791406321,2,41.0,0.3238080438906661,0,4.0,0.6484160616942691,17,258.0
480.0,21,250.0,1.6891891891891893,8.985391609792243,9,135.0,0.15953760595644237,0,1.0,0.9878230840167636,0,4.0,0.9267911331884524,2,32.0,0.6993236938496531,2,28.0,0.5279448282725215,0,6.0,0.9351052988620574,4,69.0,0.23928919487511216,2,51.0,0.011540807652296666,1,4.0,0.5011228937030261,20,330.0
485.0,19,227.0,1.5133333333333334,8.765003187103405,7,129.0,0.20784317095782034,0,1.0,0.9827410971586349,1,6.0,0.8297523036070877,2,36.0,0.3792184812596296,3,32.0,0.6571276876734317,0,0.0,1.0,0,26.0,0.6490648520004406,3,54.0,0.2820047406433914,0,0.0,0.7691195383570008,16,284.0
490.0,14,125.0,0.8561643835616438,9.166440183689351,4,130.0,0.26718259406273026,0,8.0,0.5596184423182246,1,11.0,0.8297945179080018,2,14.0,0.3899584573243501,0,19.0,0.6435472065035358,0,0.0,0.9921549878265428,1,16.0,0.5611200193480416,1,10.0,0.6920260485982147,0,4.0,0.7866917180097449,9,212.0
495.0,20,189.0,1.3125,9.336182422829648,5,119.0,0.2649197790281981,2,15.0,0.4692299480212021,0,10.0,0.9303575285474222,2,26.0,0.719997463510438,2,15.0,0.5901388463992059,0,0.0,1.0,2,33.0,0.5791258818810737,1,18.0,0.7409174650837888,2,10.0,0.6037728639820276,16,246.0
500.0,20,189.0,1.2945205479452055,8.339804391018074,5,105.0,0.278874492852306,1,11.0,0.6173037220411475,1,5.0,0.7410318131242263,2,36.0,0.669118421490287,0,12.0,0.43746396442077584,0,0.0,1.0,4,13.0,0.3371090452772904,2,24.0,0.6348520145059251,2,10.0,0.6065997231519815,17,216.0
505.0,20,104.0,0.7074829931972789,8.73721137611942,1,82.0,0.48208561998255484,0,4.0,0.8075036649728679,1,10.0,0.6999765381331398,3,40.0,0.6240648151790383,3,22.0,0.5472087722448925,0,0.0,1.0,7,46.0,0.3419730286652716,2,18.0,0.6162194731487108,1,9.0,0.7159621075111869,18,231.0
510.0,24,155.0,1.0616438356164384,8.712287128825414,1,15.0,0.369516895843528,0,4.0,0.8623232784867811,0,8.0,0.8585326580968126,1,18.0,0.549973356579445,3,41.0,0.4263238898065759,0,0.0,0.6559456425212633,8,84.0,0.3582585924603026,4,28.0,0.44412974681467227,2,12.0,0.6551537776440408,19,210.0
515.0,26,194.0,1.3197278911564625,8.559966538022122,2,17.0,0.46692553524672376,0,4.0,0.9607107509309323,0,4.0,0.6005033387596812,1,14.0,0.6668196463839168,3,30.0,0.480018736012191,0,19.0,0.9622692782817696,6,79.0,0.2979482717650256,5,50.0,0.3848464681586021,1,35.0,0.723918850240963,18,252.0
520.0,14,90.0,0.6040268456375839,9.274711375765312,2,31.0,0.5336830760814376,0,0.0,0.732702790477043,1,12.0,0.5936784959961782,0,16.0,0.5578140061750221,2,11.0,0.6058898872041121,0,20.0,0.9843351953856022,2,62.0,0.48990889387928704,3,32.0,0.4186204929071315,1,15.0,0.8191254018927289,11,199.0
525.0,20,157.0,1.0328947368421053,9.851005662940315,3,42.0,0.40411603708637095,1,1.0,0.7767744475205476,0,8.0,0.9382583902356476,2,21.0,0.6392303030289477,3,24.0,0.3990822415463926,0,0.0,0.9194113233409655,3,49.0,0.5367415721499286,2,28.0,0.47245225283564124,2,22.0,0.5025499505718617,16,195.0
530.0,22,194.0,1.2679738562091503,8.625271641789789,3,60.0,0.40138332462653953,0,0.0,0.9230286425524366,0,4.0,0.8839607037171315,3,29.0,0.5252495713482614,0,12.0,0.576361448225586,0,0.0,1.0,3,60.0,0.2959073572651265,2,34.0,0.4162504724178972,4,19.0,0.2388723512524017,15,218.0
535.0,22,163.0,1.0584415584415585,9.140562780200181,2,84.0,0.46116737098126986,0,0.0,0.7645706415741536,0,4.0,0.9257724416637598,2,27.0,0.6123159281470592,1,16.0,0.7923068282854389,0,0.0,0.970383753755582,5,85.0,0.27977924662335146,1,10.0,0.7332238720173115,3,25.0,0.0022912356201963296,14,251.0
540.0,23,236.0,1.5324675324675325,9.82027799789103,3,114.0,0.5654347057314388,1,5.0,0.577270727646938,0,4.0,0.946600355591434,0,34.0,0.7723696517928563,1,21.0,0.7908600383868628,0,0.0,0.9392554156566826,8,91.0,0.2748513323230482,1,15.0,0.7033126429966834,3,40.0,0.0,17,324.0
545.0,22,269.0,1.7933333333333332,8.976989095583273,4,130.0,0.4088102555514819,0,0.0,0.9270812028667559,0,0.0,0.930471948693459,0,20.0,0.8781714108661657,1,17.0,0.6292325168712053,0,0.0,1.0,6,51.0,0.3203552059957805,2,21.0,0.725950397452507,2,43.0,0.5403894865832288,15,282.0
550.0,13,124.0,0.8266666666666667,8.650438721404395,6,98.0,0.3028129989037348,0,0.0,0.8054239571155943,0,0.0,0.7647879891761702,0,4.0,0.8959483330076139,2,9.0,0.5340077059228608,0,0.0,0.9427094470275614,1,49.0,0.334371393055746,2,16.0,0.21634205782559138,0,21.0,0.7741043545184042,11,197.0
555.0,23,119.0,0.7828947368421053,9.174069337342136,6,99.0,0.31360806849959777,1,2.0,0.4619363224871538,2,13.0,0.5685584534444301,0,8.0,0.9237609439941321,4,26.0,0.46287435473622013,0,0.0,1.0,4,49.0,0.3384652115044686,5,23.0,0.117793787288906,0,4.0,0.7541544110848456,22,224.0
560.0,22,160.0,1.0738255033557047,8.623650484133165,8,132.0,0.26041555153900187,1,4.0,0.32280750225806704,0,8.0,0.6498534146918615,0,4.0,0.9352032631640238,1,10.0,0.3815092229960655,0,0.0,0.9427320831354631,3,37.0,0.013630770987964025,5,48.0,0.4821196028345477,1,7.0,0.4784476541538482,19,250.0
565.0,22,196.0,1.2980132450331126,9.27013708835758,9,115.0,0.22789415957548664,0,1.0,0.5478935981366106,0,0.0,0.7242970318016622,0,4.0,0.7962283252569146,2,15.0,0.3586886002683405,0,0.0,0.9840067217705408,4,52.0,0.2661110720479806,5,73.0,0.49439655615524375,1,12.0,0.7453432503981805,21,272.0
570.0,25,262.0,1.7236842105263157,8.908828457326456,6,102.0,0.2664243664955886,0,0.0,0.9438636885476469,0,0.0,0.992093168869773,2,11.0,0.6122299163087647,3,30.0,0.1169488246506533,0,0.0,0.898337807757738,6,113.0,0.285626355784057,6,100.0,0.33737801772565684,1,17.0,0.7366160432681526,24,373.0
575.0,28,334.0,2.1973684210526314,8.40351170929562,6,109.0,0.2959584848800826,0,0.0,0.6950473399249333,0,0.0,0.22997483092501814,2,17.0,0.6226241417965702,4,36.0,0.1981866581036648,0,0.0,0.5471506479174245,4,96.0,0.37486141118756966,9,140.0,0.1561285394314157,1,22.0,0.6820286665042403,26,420.0
580.0,23,285.0,1.8627450980392157,8.444810523486087,6,117.0,0.4121256722987005,1,2.0,0.475909450743294,1,3.0,0.0,2,31.0,0.518161492505488,0,26.0,0.34941067499704154,0,0.0,1.0,1,33.0,0.5333557754224568,8,127.0,0.1694516467883614,2,28.0,0.5263992824705637,21,367.0
585.0,16,82.0,0.5256410256410257,8.925919009744002,5,108.0,0.29112076713960316,1,7.0,0.4987619856068043,1,14.0,0.7126240494676246,1,19.0,0.7326873904298631,0,0.0,0.6003402812290611,0,39.0,0.9437462763675003,3,29.0,0.42788801760448025,2,84.0,0.3530833525060933,1,11.0,0.6316873392615764,14,311.0
590.0,15,114.0,0.7651006711409396,9.299554361205619,5,83.0,0.36702539827996206,1,12.0,0.0,0,4.0,0.9634776148416131,0,10.0,0.7290731927409533,1,13.0,0.6253801703176732,0,39.0,0.9141016909290213,4,30.0,0.3829995131407608,2,37.0,0.46378061403654386,1,11.0,0.7310212901100769,14,239.0
595.0,18,106.0,0.7019867549668874,8.862015544311397,4,69.0,0.2709624271941856,1,17.0,0.5261788473089318,0,0.0,0.9247338458734309,3,25.0,0.409833771622252,1,18.0,0.8505597019545823,0,28.0,0.9454485013807757,3,35.0,0.3305318379272887,1,2.0,0.27391615733618885,1,16.0,0.48514003958738855,14,210.0
600.0,24,161.0,1.087837837837838,8.284042482630728,7,82.0,0.34324466984531915,1,22.0,0.5776882969577205,0,0.0,0.9858274009800824,3,19.0,0.34736359546412837,1,23.0,0.7616365960804417,0,28.0,0.9354693289865845,4,39.0,0.27386820883171753,3,14.0,0.23921531723335668,1,11.0,0.6682338214386266,20,238.0
605.0,20,181.0,1.2569444444444444,8.451961099294685,7,122.0,0.24587941013910644,0,0.0,0.9483736414575257,0,4.0,0.9057885404224132,0,2.0,0.9898613197737489,2,11.0,0.5510690013173939,0,3.0,0.9347652023156153,3,30.0,0.37486330038687043,3,25.0,0.22317449453987703,1,11.0,0.7195763642421662,16,208.0
610.0,21,211.0,1.4859154929577465,8.557938653301894,8,130.0,0.18854653088960618,0,3.0,0.9480799718575564,0,4.0,0.7604152391103245,0,6.0,0.9026493821547188,2,14.0,0.6341382633903095,0,0.0,0.9915193169663722,3,19.0,0.42881673682030214,0,0.0,0.8162325725229528,1,20.0,0.6831379500295904,14,196.0
615.0,23,242.0,1.6923076923076923,8.380992576846337,5,109.0,0.250545901578937,0,3.0,0.8864201243333447,1,13.0,0.7741878300746351,1,7.0,0.5639258314316832,3,33.0,0.36226528694255683,0,4.0,0.9620187243505973,4,36.0,0.2482267282495296,1,2.0,0.572334593916708,0,4.0,0.7089503094921451,15,211.0
620.0,19,185.0,1.2758620689655173,8.256720129688993,5,99.0,0.36900665385550596,1,4.0,0.7616405999113771,0,4.0,0.9212394232621691,1,12.0,0.676293195342344,1,16.0,0.7588494219870915,0,3.0,0.9439767699260831,4,37.0,0.1583794270481797,1,11.0,0.7832411986075561,1,12.0,0.458549717343421,14,198.0
625.0,20,187.0,1.272108843537415,8.266454369391306,5,85.0,0.3963856042601678,0,3.0,0.7001536516399538,0,4.0,0.9255783686454188,2,24.0,0.3836032270587367,0,8.0,0.9730784711239379,0,11.0,0.9614715352467159,1,23.0,0.4303298683493035,1,16.0,0.7671908805470262,2,21.0,0.6844513268465311,11,195.0
630.0,21,148.0,0.9801324503311258,8.309668558881333,6,81.0,0.3386845669442146,1,7.0,0.4882529300064195,0,8.0,0.814061531316348,1,3.0,0.6560016896979878,0,8.0,0.6765507252065899,0,33.0,0.8014603930158805,3,22.0,0.42497598939037895,2,22.0,0.5790253469582428,1,13.0,0.7528341813989944,14,197.0
635.0,24,168.0,1.1275167785234899,8.117837319258033,9,106.0,0.2705449332325942,2,16.0,0.45463042892061933,0,8.0,0.9477591496833074,0,0.0,0.9327122235911506,1,1.0,0.7846315958456899,0,49.0,0.7803432926895114,2,19.0,0.32317351245176396,2,28.0,0.4198966984980796,2,6.0,0.5015876077706796,18,233.0
640.0,21,175.0,1.1666666666666667,8.313326297533468,10,132.0,0.16900620891664095,2,9.0,0.4703761435968853,0,5.0,0.9261763849976888,0,1.0,0.8067374032676495,0,0.0,0.7306285698531882,0,26.0,0.9347647820593994,2,28.0,0.379415900743178,1,11.0,0.47294581860665386,3,20.0,0.3672958739637499,18,232.0
645.0,21,188.0,1.2129032258064516,8.46258066371994,7,154.0,0.17269217288597144,0,4.0,0.9513533458737389,0,8.0,0.7897327030588602,1,2.0,0.7316661187289795,2,11.0,0.41879661033701965,0,5.0,0.7825742909313868,3,67.0,0.4155826590889837,1,2.0,0.43078055857519254,4,38.0,0.41983841151950313,18,291.0
650.0,20,190.0,1.2337662337662338,8.542597525147148,7,150.0,0.28231135313620026,0,4.0,0.9465479704284776,0,8.0,0.8885967368560838,1,3.0,0.7904201970899549,1,3.0,0.6374251871228134,0,8.0,0.8989748407358249,2,73.0,0.5176833124972244,3,9.0,0.23686860060413312,1,8.0,0.3825860967429978,15,266.0
655.0,14,151.0,0.967948717948718,8.687878144867996,7,149.0,0.17848502014202897,0,4.0,0.9610787042161424,0,5.0,0.8981424719323579,2,23.0,0.5352885871999364,0,0.0,0.938381484737306,0,0.0,0.953957873191361,1,38.0,0.5799421543315155,1,9.0,0.556892676070777,1,5.0,0.6429847544361839,12,233.0
660.0,17,134.0,0.864516129032258,8.832474431935372,5,148.0,0.25354907612418665,0,0.0,0.9437031339924387,0,5.0,0.87311318995776,4,35.0,0.5780885490962989,0,4.0,0.6492934268295355,0,8.0,0.9787531276268704,3,29.0,0.3848148950391109,1,14.0,0.7874646406343102,2,12.0,0.2961278276813331,15,255.0
665.0,19,161.0,1.038709677419355,8.137167981358967,7,119.0,0.2899160033181415,0,0.0,0.9202195520164903,0,5.0,0.8315858170765111,1,17.0,0.5162868820220273,1,9.0,0.503227811376012,0,8.0,0.7790505114706987,3,24.0,0.2963722209285545,1,11.0,0.8256662970620854,0,0.0,0.9199058257017613,13,193.0
670.0,18,184.0,1.1948051948051948,8.376734536063985,6,130.0,0.4078798643052522,0,0.0,1.0,0,1.0,0.8223057687501432,3,21.0,0.4875294048061903,1,17.0,0.5841031202055766,0,2.0,0.8474714379071769,2,19.0,0.44335957409095583,0,4.0,0.7377674096902248,1,2.0,0.00011850843518618846,13,196.0
675.0,22,213.0,1.392156862745098,8.549962920441981,4,130.0,0.33763222137639054,0,0.0,1.0,2,7.0,0.7496259933837338,3,29.0,0.5824285895849535,1,23.0,0.7289590943604566,0,6.0,0.9635999839637144,2,32.0,0.34056270974246566,3,8.0,0.5771019011061499,1,12.0,0.7190009086849487,16,247.0
680.0,18,161.0,1.0662251655629138,8.355452350664006,5,112.0,0.23785313428892713,0,0.0,1.0,2,9.0,0.7735801286259467,3,11.0,0.4744116280227762,0,9.0,0.7609191680859745,0,6.0,0.9571725677474001,3,59.0,0.45609019226350855,3,19.0,0.5890131126871038,1,21.0,0.7947935198225445,17,246.0
685.0,24,187.0,1.2222222222222223,8.334298178394036,6,99.0,0.22726087883464963,0,0.0,0.9867492123713327,2,10.0,0.7573139079205333,5,29.0,0.46875960447989257,1,15.0,0.7480980499659731,0,10.0,0.9800281150265309,1,14.0,0.7187737420316077,5,30.0,0.25681750769323713,1,28.0,0.8114591484418258,21,235.0
690.0,24,195.0,1.25,8.663872613344484,6,87.0,0.24755303135676202,0,0.0,0.9964428733822973,2,20.0,0.7786520856270073,6,58.0,0.4261425752330546,1,20.0,0.6249602064265186,0,14.0,0.9620783509837065,1,35.0,0.4432613295456107,5,49.0,0.263204982395472,2,17.0,0.750310511989805,23,300.0
695.0,22,208.0,1.368421052631579,8.275456165745695,8,110.0,0.3063356139079403,0,0.0,0.9545781946158943,0,2.0,0.8822362595190657,2,25.0,0.35668198400875584,0,8.0,0.7572472521582877,0,0.0,0.9408220239332297,1,25.0,0.4691405673407791,5,79.0,0.4229887390647711,4,31.0,0.5078904564869071,20,280.0
700.0,21,223.0,1.457516339869281,8.766804493619643,8,114.0,0.20315739544165645,0,0.0,0.9037301504802958,1,4.0,0.7704110334232936,0,15.0,0.7938402929041816,0,8.0,0.7563624237478732,0,0.0,0.9712950436461415,1,37.0,0.4945597552658017,4,77.0,0.48906678730307424,6,54.0,0.37567902097707206,20,309.0
705.0,21,181.0,1.1602564102564104,8.753396769241984,7,125.0,0.12952640364015583,0,0.0,0.9740021054896116,2,15.0,0.7789996240967978,1,7.0,0.7679619507559171,2,17.0,0.5018422859879561,0,12.0,0.8059204027143082,3,49.0,0.5114370567934151,1,59.0,0.5199830471573461,4,39.0,0.3653486818027976,20,323.0
710.0,24,217.0,1.4,8.362433888223107,7,138.0,0.2030150012599918,0,4.0,0.8492111672538672,3,5.0,0.6430393296448489,4,19.0,0.5461875546218357,2,12.0,0.2469021994617057,0,0.0,0.9294875362772821,3,36.0,0.44441883753298783,3,39.0,0.3288840078783066,2,37.0,0.6098428109361422,24,290.0
715.0,21,210.0,1.3125,8.52260074944207,7,144.0,0.3856745623277898,1,10.0,0.7742033325950212,2,14.0,0.7024706002696095,4,21.0,0.34440125337445715,0,1.0,0.4323808305617411,0,0.0,0.9609093301789208,2,71.0,0.345582678333573,2,18.0,0.1470302693648035,3,43.0,0.6921144673321228,21,322.0
720.0,20,126.0,0.7924528301886793,8.822293824698193,4,135.0,0.3606020160877244,0,8.0,0.9437350603594371,2,22.0,0.6436072490576049,4,25.0,0.3881558700281274,1,4.0,0.687403642103134,0,0.0,0.7157695234097885,5,47.0,0.36211117232928075,2,7.0,0.42771521884966796,0,14.0,0.6481513253970339,18,262.0
725.0,28,185.0,1.1280487804878048,8.545596583451358,7,106.0,0.16588091666580326,0,8.0,0.8344052167564164,1,5.0,0.7030749489823965,6,37.0,0.18259542342629942,0,8.0,0.824503066996649,0,0.0,0.757373346106922,6,71.0,0.313383326237419,2,17.0,0.561562200509234,4,28.0,0.3891245718288124,26,280.0
730.0,26,186.0,1.1411042944785277,8.757947001685588,9,92.0,0.22668413291305606,1,13.0,0.7062580425224599,0,0.0,0.8685111763830113,3,19.0,0.4707637717734168,1,11.0,0.7588233717121993,0,0.0,0.9569930682739933,4,90.0,0.28638668688858915,1,17.0,0.8121642373544592,7,59.0,0.22673851917251953,26,301.0
735.0,25,207.0,1.2699386503067485,9.147348288576033,6,95.0,0.2622639139304688,1,11.0,0.6157932541699319,1,10.0,0.5934557435867551,2,10.0,0.273035263182201,1,24.0,0.7692137926873557,0,0.0,0.9654754294490522,5,70.0,0.3010150341840354,2,23.0,0.6114503920393247,7,62.0,0.27790025613142105,25,305.0
740.0,27,261.0,1.6838709677419355,8.504697494409557,6,101.0,0.10912045289688617,2,14.0,0.6817034330860414,1,12.0,0.6133488075901666,4,22.0,0.1797346628723399,1,17.0,0.6855058951407561,0,0.0,1.0,6,125.0,0.3012716324118908,3,38.0,0.5773054680733558,3,39.0,0.43886722373006065,26,368.0
745.0,26,235.0,1.5064102564102564,7.913676637417867,5,64.0,0.23109364201884272,2,28.0,0.5742929090295629,0,10.0,0.5695713114442833,2,20.0,0.6065108643369654,2,17.0,0.477479305342601,0,0.0,1.0,6,113.0,0.20374940013942372,3,28.0,0.595643679453562,4,53.0,0.31938694054971517,24,333.0
750.0,20,156.0,1.0129870129870129,8.541063038624833,3,47.0,0.35473143023948556,2,19.0,0.55492251291556,0,4.0,0.749920479655817,0,9.0,0.755144293788039,3,36.0,0.37335565143072946,0,0.0,1.0,1,57.0,0.4251525865308575,4,46.0,0.5364212981994714,3,32.0,0.43913881042655295,16,250.0
755.0,18,180.0,1.1688311688311688,9.294159264175523,3,57.0,0.19310811689402932,0,8.0,0.8591411530135791,0,8.0,0.8886430090442559,1,8.0,0.5391871958609007,1,10.0,0.756206936749912,0,0.0,1.0,1,13.0,0.3674800681856379,5,69.0,0.5102354294156292,3,17.0,0.49937153866696704,14,190.0
760.0,14,181.0,1.167741935483871,9.701799755607555,3,84.0,0.2993570936643394,1,9.0,0.7349899994305692,0,8.0,0.9385494803585436,0,0.0,0.965890577532809,0,0.0,0.9462858471802752,0,0.0,1.0,1,10.0,0.39608855289641887,4,84.0,0.36184207826151826,4,31.0,0.5624115633448546,13,226.0
765.0,14,188.0,1.2287581699346406,9.77142767125983,2,74.0,0.6470282152525172,0,8.0,0.7243685248819357,0,8.0,0.9475176717837352,0,4.0,0.6967787872853538,1,10.0,0.6211697039515256,0,0.0,1.0,2,20.0,0.4110217438576287,5,109.0,0.1923675256712666,2,13.0,0.44068960679710323,12,246.0
770.0,19,178.0,1.2027027027027026,9.017575516509396,1,66.0,0.5123044647869579,1,13.0,0.4872805707618846,0,8.0,0.8481920853192999,2,10.0,0.49569484752092235,3,16.0,0.5051863321783848,0,8.0,0.9736222712896071,3,30.0,0.2973192809951865,7,138.0,0.05269549846465609,1,7.0,0.5330567597392114,18,296.0
775.0,21,188.0,1.296551724137931,8.85675229800042,2,42.0,0.4048350855109311,2,26.0,0.5333150195517847,1,12.0,0.676818662622011,4,29.0,0.5223857352093607,0,3.0,0.7787703218524326,0,8.0,0.928735433374718,3,28.0,0.3662726693531189,5,99.0,0.1328773065418005,3,15.0,0.5400135201945664,20,262.0
780.0,16,97.0,0.6879432624113475,8.640608609636475,6,63.0,0.3202899243082578,1,16.0,0.5587900084480877,1,12.0,0.6994149970821189,3,35.0,0.4193289746510046,0,4.0,0.7618544214675406,0,0.0,1.0,2,21.0,0.527037177224622,1,41.0,0.4440630369459897,1,2.0,0.7462017488294805,15,194.0
785.0,21,146.0,1.0579710144927537,8.629156534853172,8,90.0,0.35384011824346995,1,13.0,0.6585192417488901,2,12.0,0.3544289399911727,2,30.0,0.566878932869642,1,15.0,0.6565845926837143,0,0.0,1.0,3,22.0,0.3699609832921757,1,33.0,0.6464085551388311,2,20.0,0.5488064069170808,20,235.0
790.0,24,180.0,1.3043478260869565,8.397668371357565,5,121.0,0.28433244785819645,1,18.0,0.7201108188502083,3,25.0,0.5154451081580568,3,29.0,0.4578462638187305,2,18.0,0.5573322403821453,0,1.0,0.9370204510248414,3,19.0,0.3391566491317119,1,38.0,0.6142871731370265,3,33.0,0.5403645344651273,21,302.0
795.0,11,56.0,0.417910447761194,8.450664431185958,6,77.0,0.23285006206243905,0,8.0,0.8924795395297559,0,16.0,0.6120257803413952,0,22.0,0.7127271569114253,2,23.0,0.5378552592556392,0,1.0,0.9773766346530192,1,8.0,0.44758647880444624,0,8.0,0.9226187979441978,1,24.0,0.5958858663602523,10,187.0
800.0,13,84.0,0.6176470588235294,8.628709502394074,5,94.0,0.23397563171665287,1,6.0,0.43527937910208325,1,8.0,0.7662779571103727,0,18.0,0.8972512553863569,3,30.0,0.4361928969097324,0,0.0,0.9703436014197009,1,10.0,0.406585066898223,0,8.0,0.014309247460044788,1,22.0,0.6804966664173718,12,196.0
805.0,17,112.0,0.8235294117647058,9.246208806606054,6,90.0,0.17392052915166287,3,16.0,0.2500778450619618,1,13.0,0.8126982937345225,0,9.0,0.8411836040614943,1,3.0,0.5761181623224874,0,1.0,0.9289999880236399,2,10.0,0.5860848351745799,2,22.0,0.5837464595374731,1,22.0,0.7882549852993872,16,186.0
810.0,14,118.0,0.8489208633093526,9.039380493268037,7,97.0,0.10703352485483945,1,7.0,0.47896787390276896,0,4.0,0.8036605679765787,0,8.0,0.8911853575154314,2,9.0,0.4380702464905829,0,1.0,0.9667728081186163,2,15.0,0.33334404835747433,0,4.0,0.887076776552412,1,28.0,0.781814567784902,13,173.0
815.0,23,129.0,0.9084507042253521,9.080421159657583,6,115.0,0.2349972591319566,0,0.0,0.47076030495817967,1,6.0,0.814852585715906,2,10.0,0.5188553018168836,2,19.0,0.33586148847561464,0,0.0,1.0,4,29.0,0.3077431641131499,0,4.0,0.8792730115804634,4,29.0,0.4383180009377772,19,212.0
820.0,22,143.0,0.9930555555555556,8.749283462199799,5,88.0,0.29751819862991197,1,1.0,0.000778797424664216,1,5.0,0.797081239484915,3,23.0,0.23662375485324058,0,4.0,0.9136534877653544,0,0.0,0.9522125014053698,2,38.0,0.4195288510155004,1,1.0,0.7264426791519849,5,17.0,0.20173522121750875,18,177.0
825.0,19,162.0,1.132867132867133,9.03040512575125,5,82.0,0.23559293207866475,0,4.0,0.8674244064180469,1,10.0,0.7240433180418618,4,45.0,0.2868390511077563,0,4.0,0.823024526378652,0,0.0,0.9562843128564772,1,43.0,0.5484026851578636,3,17.0,0.6326211426750115,2,14.0,0.49433558010323414,16,219.0
830.0,18,167.0,1.1928571428571428,8.752727824017096,3,54.0,0.4400378453560292,0,4.0,0.7864516684944418,0,0.0,0.5922914028069356,3,29.0,0.4873851804095013,0,4.0,0.8212022266283735,0,0.0,0.8364122080048756,4,47.0,0.426096379501089,3,32.0,0.5131076185452612,2,20.0,0.22112551262869018,15,190.0
835.0,14,97.0,0.7293233082706767,8.832468637122183,3,53.0,0.40591130455709623,0,4.0,0.9243202620373092,1,9.0,0.6238239948613243,1,9.0,0.5235954239432734,0,0.0,0.7735700887695806,0,0.0,1.0,4,24.0,0.21331224566277612,4,52.0,0.5330526989075581,1,3.0,0.6538153054973906,14,154.0
840.0,17,130.0,0.9420289855072463,9.547042708751503,5,56.0,0.36348884419241084,0,6.0,0.9193035127363965,3,26.0,0.5742646042613657,1,10.0,0.6817228442489933,1,1.0,0.6476582143698275,0,0.0,0.9719832520405519,4,18.0,0.031575497868943266,3,64.0,0.4186911518442208,0,0.0,0.8398513982439312,17,181.0
845.0,21,162.0,1.173913043478261,8.957440781040233,3,51.0,0.2922184648233861,0,6.0,0.9197902421504596,2,20.0,0.5986041169120612,3,18.0,0.23536450772995232,3,11.0,0.4862942762259855,0,0.0,0.8985924775790507,4,37.0,0.1520109890397134,5,90.0,0.34306143509456677,0,4.0,0.8689134936251067,20,237.0
850.0,19,141.0,1.0217391304347827,8.76086655736343,4,44.0,0.2139712277567578,0,6.0,0.9323200825433627,0,12.0,0.7853303584394788,1,7.0,0.6506594696291649,3,10.0,0.44328459552670313,0,0.0,0.9480380925677029,1,17.0,0.6380560770815173,4,72.0,0.47548629643043727,0,4.0,0.9464678586243694,13,172.0
855.0,14,102.0,0.7445255474452555,9.01231992858965,4,38.0,0.18567222491321506,0,6.0,0.9288571473781381,0,4.0,0.9269619321272863,0,4.0,0.9711824028325245,0,6.0,0.6866990994365815,0,1.0,0.8776035108619609,0,0.0,0.7651740512564894,3,54.0,0.4079506662921751,0,1.0,0.944002877033944,7,114.0
860.0,19,167.0,1.2014388489208634,9.677513119273188,5,56.0,0.3594073704243088,0,2.0,0.9511863976618391,0,12.0,0.8045294428294196,0,8.0,0.9202562585832605,0,9.0,0.810006816163822,0,0.0,1.0,2,11.0,0.5377757034431995,4,72.0,0.3816157604035041,0,5.0,0.9015174349449899,11,175.0
865.0,23,241.0,1.7591240875912408,8.812099620996444,5,83.0,0.4628105790199394,0,2.0,0.9659203894489428,1,13.0,0.7292858285302667,1,5.0,0.8146966551935724,0,5.0,0.8502625639473087,0,0.0,1.0,2,18.0,0.29768211685609425,4,75.0,0.3905383506149588,0,5.0,0.7953370079291808,13,206.0
870.0,23,315.0,2.3684210526315788,8.145389363345583,5,85.0,0.23269252328494616,0,2.0,0.03347130153736674,2,23.0,0.6575418025328165,2,7.0,0.5092199395103306,0,5.0,0.7804160510494054,0,0.0,1.0,3,19.0,0.2470031384840191,2,78.0,0.3172843267941397,0,5.0,0.7543793110906277,14,224.0
875.0,30,433.0,3.3828125,7.625629967162951,7,112.0,0.2308414230812994,1,6.0,1.0679740504860868e-05,2,27.0,0.5489741064570615,3,21.0,0.5418208091872941,1,15.0,0.6125991417043315,0,10.0,0.9615265075350139,2,58.0,0.409844975230801,2,89.0,0.42199206295004277,2,11.0,0.2757728184079762,20,349.0
880.0,33,512.0,3.878787878787879,7.386171867043503,7,147.0,0.11344250337954981,0,0.0,1.0,2,19.0,0.5100005848069932,3,12.0,0.13431050062430167,2,24.0,0.6533436544662687,0,11.0,0.8876482564734226,1,32.0,0.41757027254449935,2,97.0,0.47279339557232847,3,29.0,0.555378328099476,20,371.0
885.0,22,361.0,2.6350364963503647,8.163386734163858,5,134.0,0.3391106777085328,0,0.0,0.9613415115765678,3,26.0,0.559083975011346,2,6.0,0.49287002002119235,1,18.0,0.5472950549854881,0,1.0,0.9438798575283135,1,36.0,0.47338163291946866,0,0.0,0.8688419851775459,1,13.0,0.7917885236195867,13,234.0
890.0,24,328.0,2.3098591549295775,8.284318514554448,2,112.0,0.3778801403645956,0,0.0,0.9612554639099405,3,29.0,0.470396069416927,2,20.0,0.54392426524277,1,13.0,0.5630319081063385,0,0.0,0.6697287760639264,1,39.0,0.5847531822055096,2,7.0,0.5591443681261442,0,45.0,0.5436278729658937,11,265.0
895.0,26,212.0,1.50354609929078,8.080431884586769,4,70.0,0.27439086042072447,0,0.0,0.9887870755712236,1,22.0,0.5438168027567379,0,11.0,0.9537735328228837,1,10.0,0.6866444627843806,0,0.0,0.9091748075052,3,4.0,0.3459830470169692,2,17.0,0.6337496880858245,5,62.0,0.41572300736052453,16,196.0
900.0,21,221.0,1.5454545454545454,8.593605263055387,2,70.0,0.36495211215557594,0,0.0,0.9885633485877788,2,20.0,0.5483778928617385,0,11.0,0.8711129620670452,1,6.0,0.73471168462483,0,0.0,0.9744864080478928,2,17.0,0.33771600966485454,0,4.0,0.7552540667844089,5,67.0,0.3165629290977206,12,195.0
905.0,18,251.0,1.767605633802817,9.110477285072596,1,56.0,0.6004922856069573,0,6.0,0.9150588383057854,0,8.0,0.6987979454417966,0,11.0,0.7937018136948553,1,15.0,0.5019858535301587,0,0.0,0.6947038943669847,3,33.0,0.4545287173208297,1,5.0,0.3666393621780659,1,47.0,0.34999038933799564,7,181.0
910.0,23,207.0,1.4081632653061225,9.465039542303236,1,22.0,0.5075425770381614,0,8.0,0.9445183390703764,1,13.0,0.8187201220345857,0,8.0,0.7936563507336473,2,17.0,0.46819019183991395,0,0.0,1.0,4,82.0,0.49459577678892874,3,16.0,0.24482708714137427,3,18.0,0.39158005202956647,14,184.0
915.0,17,189.0,1.2684563758389262,9.141642237082714,3,31.0,0.48566675533164405,0,8.0,0.9344214057993865,1,9.0,0.7822985802426665,1,7.0,0.457286356567108,1,10.0,0.7822334498552941,0,41.0,0.9722699081447285,2,74.0,0.4527365208087656,2,21.0,0.3407345528944116,4,85.0,0.3587393340621664,14,286.0
920.0,13,153.0,1.0268456375838926,8.942606577845732,3,37.0,0.3147553081615301,0,8.0,0.9416247059227383,0,4.0,0.9559177841260013,1,16.0,0.7239697933352661,0,8.0,0.707397951721765,0,41.0,0.9647612208827818,2,35.0,0.3928965679959688,2,23.0,0.4700828129817312,1,126.0,0.7744358528159526,9,298.0
925.0,15,167.0,1.1208053691275168,8.497732670938197,4,45.0,0.3866352749340956,0,8.0,0.9527206335260244,0,4.0,0.9137805487386554,0,11.0,0.7321836524560584,0,4.0,0.5917256876663168,0,0.0,1.0,1,17.0,0.22925128180449023,2,41.0,0.6343198031843525,1,131.0,0.6243178818332726,8,261.0
930.0,18,157.0,1.0536912751677852,8.681936724993358,5,68.0,0.35364014022800033,0,6.0,0.9117252469272342,0,4.0,0.9166864311259134,2,18.0,0.7203685671623345,1,11.0,0.6095477744185873,0,40.0,0.9392958909521061,1,5.0,0.5465592404544866,2,51.0,0.48583345492185726,5,211.0,0.3466403044147965,16,414.0
935.0,21,182.0,1.2465753424657535,8.182306793548067,4,50.0,0.36111278597446145,0,0.0,0.8497171824152976,0,0.0,0.8288171785536934,3,30.0,0.21457034974792544,0,6.0,0.7934697172825983,0,40.0,0.9815814391317297,1,20.0,0.5619383552065148,3,66.0,0.5347029421980275,4,179.0,0.4384567391121125,15,391.0
940.0,20,174.0,1.167785234899329,8.068204050366212,3,46.0,0.3906867801895973,0,4.0,0.9381960816741748,1,8.0,0.7049149827768717,4,30.0,0.39457891648901033,1,6.0,0.570998401845476,0,5.0,0.9754700958659027,2,33.0,0.5206315640578945,3,73.0,0.36864015937846006,1,125.0,0.5651654313512356,15,330.0
945.0,15,146.0,0.9733333333333334,8.758745971208166,4,45.0,0.49309213285472187,1,6.0,0.4778630985717155,1,8.0,0.8408227363435292,1,25.0,0.5323177993484927,2,18.0,0.5591819023483638,0,2.0,0.8743193081117051,0,15.0,0.4134491074463229,3,48.0,0.40718865813617305,1,27.0,0.7795495816173647,13,194.0
950.0,20,177.0,1.1879194630872483,9.024954301355828,3,52.0,0.44778005690512035,2,16.0,0.5842618653434549,0,4.0,0.9397804348113455,1,18.0,0.6947054814294055,1,12.0,0.8256882582577846,0,0.0,0.9474191237743339,3,32.0,0.554665453033154,3,28.0,0.531669162650826,1,41.0,0.5379209386070155,14,203.0
955.0,21,171.0,1.1476510067114094,8.99529878779706,4,56.0,0.3836661669450634,2,23.0,0.5748520522845213,0,11.0,0.9325901902326308,1,22.0,0.775564801578107,0,4.0,0.7148447515063489,0,0.0,0.8322433450995411,3,38.0,0.488444357210689,3,43.0,0.4009823192909336,2,35.0,0.5911109124767434,15,232.0
960.0,22,149.0,1.0347222222222223,8.374286529840706,6,66.0,0.23225557244786216,0,4.0,0.9707477335943953,0,8.0,0.6570395822672467,1,22.0,0.8021197149104788,2,9.0,0.27620881709519096,0,40.0,0.9449146321239464,2,62.0,0.37206474195813055,3,41.0,0.46704164241864604,2,34.0,0.5172277775264243,16,286.0
965.0,25,213.0,1.4589041095890412,8.051657873516922,5,86.0,0.36904631979810715,0,0.0,0.9770317179356344,2,16.0,0.6133338552120868,1,27.0,0.7737365222894557,0,4.0,0.6631656867702962,0,1.0,0.8119587665706054,1,72.0,0.5099227766949457,5,44.0,0.4635242158771805,2,67.0,0.6413123088754151,16,317.0
970.0,23,283.0,1.9929577464788732,8.745156207883491,4,94.0,0.540817712988681,0,0.0,0.9199062543992153,3,31.0,0.5553100160286867,1,31.0,0.6172568769539091,0,0.0,0.8877087056648251,0,1.0,0.9720338251849721,2,35.0,0.5620456255424118,5,69.0,0.4062576833850849,2,47.0,0.4484667986973986,17,308.0
975.0,16,235.0,1.6433566433566433,9.062325319217454,4,109.0,0.5091207943684919,0,0.0,0.9797796504568307,1,18.0,0.7972521127347362,1,36.0,0.7012195076854195,0,0.0,0.9207878552680063,0,0.0,1.0,1,24.0,0.5498448476667437,5,50.0,0.3089176326800118,2,39.0,0.5500734543184724,14,276.0
980.0,19,217.0,1.4863013698630136,8.236637890882275,7,107.0,0.38835767899799534,1,1.0,0.6440055436177156,0,4.0,0.8624592148913519,4,55.0,0.5119294573612979,0,0.0,0.28309406828106015,0,0.0,1.0,1,16.0,0.4406818162875411,2,35.0,0.43946961996357176,2,36.0,0.6757075448930309,17,254.0
985.0,26,202.0,1.3557046979865772,8.246117672728106,8,87.0,0.23299003765220064,1,6.0,0.6446489814833133,0,4.0,0.9405597325654355,3,23.0,0.5443894881927075,2,11.0,0.3355785572374963,0,3.0,0.9514321739606101,3,28.0,0.3343700010579965,2,30.0,0.46892953535029824,2,54.0,0.600122063564864,21,246.0
990.0,24,182.0,1.221476510067114,8.627812574822542,10,112.0,0.2275010505606548,1,11.0,0.6403943458084064,0,4.0,0.9156960815565296,2,14.0,0.5701492779202599,3,26.0,0.5855067261421253,0,0.0,0.991921015029941,3,26.0,0.41513893819215086,1,13.0,0.7408473762305843,2,54.0,0.552539310547001,22,260.0
995.0,31,259.0,1.7039473684210527,8.623333504447501,12,156.0,0.16032226789156287,1,16.0,0.6143755440218778,0,4.0,0.9545260156755654,4,26.0,0.38782543683001214,3,41.0,0.6837422204163693,0,1.0,0.9291720281015703,4,24.0,0.5043803485808049,1,18.0,0.571914781064998,1,23.0,0.5016374811443274,26,309.0
1000.0,33,298.0,1.9225806451612903,8.353871457751472,11,192.0,0.15555984526658773,1,21.0,0.6467938409681226,0,0.0,0.9376060657721271,5,38.0,0.2418783207686299,2,40.0,0.5624242826977265,0,1.0,0.92138100878751,6,78.0,0.34444025278949236,2,31.0,0.5083753991865464,3,34.0,0.3702223653826204,30,435.0
1005.0,30,254.0,1.6601307189542485,7.533485322914894,7,187.0,0.2665212106902229,1,26.0,0.6056640180948017,0,0.0,0.9530039776322767,2,22.0,0.4991295280006769,3,28.0,0.43108811366912186,0,0.0,1.0,5,71.0,0.33905567779028795,3,12.0,0.22233415414169141,4,35.0,0.1806322311974093,25,381.0
1010.0,21,205.0,1.2974683544303798,8.248704075431222,6,191.0,0.3466151925840742,2,33.0,0.0,0,0.0,0.8657386054665264,1,11.0,0.5722990860824899,4,38.0,0.3913307185496251,0,0.0,1.0,2,28.0,0.5263462566141633,2,18.0,0.41152059905389854,1,13.0,0.6367828974397585,18,332.0
1015.0,23,199.0,1.251572327044025,7.793421610730576,8,194.0,0.2424727200308933,0,0.0,1.0,2,6.0,0.7183445125839332,3,27.0,0.5496276005340699,5,38.0,0.42608920788545734,0,0.0,1.0,1,64.0,0.3162411960758186,2,32.0,0.3840842995360051,1,7.0,0.7226462949265164,22,368.0
1020.0,24,189.0,1.18125,7.935854728003173,11,220.0,0.20763021859397288,0,0.0,1.0,2,16.0,0.7276922874685501,3,40.0,0.5087526629330221,2,33.0,0.47091241383888266,0,0.0,0.95353845715339,3,67.0,0.3058383769130708,1,13.0,0.6929198487101701,1,12.0,0.7595648055411431,23,401.0
1025.0,31,270.0,1.6666666666666667,7.656091240759266,16,271.0,0.13261335866470564,0,0.0,1.0,0,0.0,0.7128112597601289,3,31.0,0.4353182032023353,3,35.0,0.33958311431832794,0,0.0,0.9446630990272166,5,93.0,0.3501880024950167,1,10.0,0.644856920522869,1,17.0,0.5809917947421255,29,457.0
1030.0,35,342.0,2.0602409638554215,7.8538989250737,16,289.0,0.07766190370153057,0,0.0,1.0,2,10.0,0.7559565931645582,2,25.0,0.6527473333518485,5,57.0,0.43379889227156826,0,0.0,0.950414310987917,5,103.0,0.3819477228428076,1,11.0,0.7815588407993754,1,11.0,0.5392617520191165,32,506.0
1035.0,29,304.0,1.8203592814371257,7.935199939723436,12,284.0,0.1277217771046249,0,2.0,0.9895658612951891,2,20.0,0.6742453609245825,3,44.0,0.4636185030357065,1,16.0,0.7138286390339756,0,0.0,0.953027914754677,3,90.0,0.40625859053740593,2,18.0,0.5152665548771324,2,11.0,0.4759933095377122,25,485.0
1040.0,29,323.0,1.9226190476190477,8.423826120738205,11,309.0,0.17958114285888288,0,2.0,0.9894483369116843,4,36.0,0.6288192752943379,3,56.0,0.551091000936366,0,4.0,0.845457375412602,0,0.0,0.9503066178517762,1,47.0,0.5380947464335293,5,33.0,0.26256184215426764,3,20.0,0.5388661969618596,27,507.0
1045.0,25,336.0,2.0119760479041915,7.94395957383753,10,319.0,0.1518221954493303,0,2.0,0.9309593459304977,1,11.0,0.829568955640554,0,16.0,0.6563390056075349,1,6.0,0.45029214705178794,0,0.0,0.9572431206588446,1,50.0,0.5352606304531047,5,56.0,0.3076164886571958,2,14.0,0.4967734187983499,20,474.0
1050.0,26,274.0,1.621301775147929,8.198927194095763,10,329.0,0.12778806680053087,0,6.0,0.9413313360670749,0,4.0,0.7903300123821665,0,4.0,0.6408298206696235,3,17.0,0.3966291630677796,0,4.0,0.90473772325159,1,62.0,0.6184394843414266,6,83.0,0.1365192098324074,1,16.0,0.5352339299246901,21,525.0
1055.0,28,252.0,1.4911242603550297,8.21832327222503,11,260.0,0.27612211583741436,0,6.0,0.9440660468834335,2,6.0,0.38743233164462204,0,4.0,0.9602435574176315,2,11.0,0.5659291916583732,0,4.0,0.9097004209292763,2,68.0,0.6133786967447808,4,69.0,0.30141089606279386,1,21.0,0.663319784471923,22,449.0
1060.0,22,225.0,1.308139534883721,8.182459785483582,10,271.0,0.2652198565371689,0,6.0,0.9642575444012261,1,3.0,0.7407110340878923,0,8.0,0.8709242169892428,0,4.0,0.7721992245984872,0,0.0,1.0,2,56.0,0.5196529784832655,2,38.0,0.5609470310297339,1,14.0,0.5439980908590875,16,400.0
1065.0,27,209.0,1.2294117647058824,8.045558551102125,8,278.0,0.18316050434241485,0,4.0,0.9889833334068521,0,0.0,0.8155639530426569,1,14.0,0.6382495859876173,1,11.0,0.5813217544127495,0,0.0,1.0,2,43.0,0.4665000143903632,2,50.0,0.6747029111935781,7,37.0,0.3967098979147779,21,437.0
1070.0,34,317.0,1.8869047619047619,8.10688117985592,10,279.0,0.15025598959091904,0,4.0,0.9733956318912744,2,8.0,0.6602814617857797,2,22.0,0.7089207526403759,0,9.0,0.9262962583366708,0,0.0,0.9288294480075733,1,1.0,0.569740159851325,2,59.0,0.6160797889090246,9,74.0,0.24713768803434927,26,456.0
1075.0,37,375.0,2.192982456140351,8.218414014763647,11,289.0,0.0932878196653867,0,4.0,0.879795885542363,3,19.0,0.6471608260679113,3,41.0,0.6378574044011178,0,9.0,0.8543146442126499,0,0.0,0.9478105985758285,3,12.0,0.6009412694794503,2,69.0,0.5987155857447388,8,91.0,0.31999824651233055,30,534.0
1080.0,27,249.0,1.447674418604651,7.418859338111675,11,301.0,0.12012788111932506,1,5.0,0.0006055269093082924,2,11.0,0.7527314589045065,3,16.0,0.45593026538726,1,10.0,0.4893430305471779,0,0.0,0.9719729232365708,1,1.0,0.43484263666071343,3,81.0,0.3529174658406193,1,50.0,0.4219623143955112,23,475.0
1085.0,30,288.0,1.6941176470588235,8.006275679349889,8,215.0,0.23528938843119415,1,10.0,0.472267427856432,1,9.0,0.8577457288945183,4,24.0,0.459876967349907,2,13.0,0.5264844930440268,0,0.0,0.9976187940632774,2,20.0,0.26110658679310245,4,96.0,0.531407187887888,2,21.0,0.5924862950356018,24,408.0
1090.0,32,295.0,1.7251461988304093,8.476786497210504,9,225.0,0.2522946759392154,1,15.0,0.7195127897899474,1,14.0,0.8546662271712564,7,59.0,0.3544170803914525,0,7.0,0.7221852257082089,0,0.0,1.0,4,62.0,0.29475389644271754,3,17.0,0.6713472047783348,2,28.0,0.6305936542847507,27,427.0
1095.0,25,249.0,1.439306358381503,8.54448368524703,9,210.0,0.14799469993122294,1,20.0,0.6322476714941297,0,8.0,0.9417786963810967,4,32.0,0.5367041021415777,1,10.0,0.8035394566142173,0,0.0,1.0,1,82.0,0.6879339022722447,2,13.0,0.6370131495728831,3,28.0,0.5030980078000654,21,403.0
1100.0,25,230.0,1.3372093023255813,8.744209498699151,11,205.0,0.29436981406236207,0,0.0,0.8441237676493621,0,8.0,0.9304472885572576,0,17.0,0.8151523275523522,1,15.0,0.676359374709699,0,5.0,0.961632147341035,1,52.0,0.5831783403380041,6,35.0,0.3810186063003626,2,18.0,0.6875395018667826,21,355.0
1105.0,30,322.0,1.8941176470588235,8.388589861553188,13,266.0,0.2120273965321786,0,0.0,0.876728543638881,0,12.0,0.8922824116399526,1,9.0,0.7256153785022472,2,14.0,0.5305086547982172,0,5.0,0.9242565857147513,2,100.0,0.4561359516051492,6,49.0,0.31394678010579036,2,28.0,0.5549002909604843,26,483.0
1110.0,31,371.0,2.195266272189349,8.204546243324502,14,285.0,0.13905732507437454,0,0.0,0.9291211763373625,1,13.0,0.7731999430955072,1,10.0,0.7211937784217946,4,33.0,0.30534036776149265,0,0.0,1.0,2,62.0,0.44940246820350366,4,52.0,0.32848983309391877,1,5.0,0.2909644936060416,27,460.0
1115.0,29,333.0,1.9821428571428572,8.445325950996168,10,286.0,0.16025162164836607,0,0.0,0.9615214428316384,1,7.0,0.7700106945969037,1,19.0,0.7213373753142626,4,37.0,0.4669632886391773,0,0.0,1.0,1,23.0,0.6791316562554855,5,63.0,0.3122002508795412,2,15.0,0.02188128342429553,24,450.0
1120.0,24,315.0,1.8529411764705883,8.87040132460034,7,227.0,0.16339102085780738,1,6.0,0.6015894524340998,1,7.0,0.860305422184997,1,24.0,0.6084845529951493,2,39.0,0.6073210085698999,0,10.0,0.9478529921187265,1,9.0,0.7840503726537806,3,18.0,0.48609626482332163,3,29.0,0.2251019794856357,19,369.0
1125.0,20,322.0,1.8941176470588235,9.057027949359489,8,225.0,0.2338552753080582,1,11.0,0.6918005816751702,1,12.0,0.7938917123851139,1,10.0,0.539761222924698,2,28.0,0.6018997059306885,0,10.0,0.9624549907819643,1,21.0,0.4926828187498956,1,10.0,0.6539346027279821,0,2.0,0.8223611013016072,15,329.0
1130.0,22,264.0,1.543859649122807,8.776748394053126,6,219.0,0.18601655776252815,1,16.0,0.7370014496748685,1,7.0,0.6187074046349608,2,10.0,0.6916051027883863,1,18.0,0.6969533513298121,0,2.0,0.9310134682772071,2,21.0,0.5941816836399118,1,19.0,0.6888138882785221,1,9.0,0.7595002902104943,15,321.0
1135.0,28,317.0,1.8869047619047619,8.527249801177945,8,190.0,0.3027939459153714,2,6.0,0.3089196236964185,3,11.0,0.43039179305160663,2,32.0,0.5264885241878671,2,12.0,0.7081915071795254,0,2.0,0.9559594303469552,1,23.0,0.5267059640196762,2,29.0,0.634133152375796,2,14.0,0.5699561706914066,22,319.0
1140.0,28,195.0,1.1890243902439024,7.951518089674088,8,189.0,0.18234947803992413,1,10.0,0.446217122072144,5,31.0,0.15700779753967048,3,18.0,0.6140323226582043,4,28.0,0.5398242505992947,0,0.0,0.8266144484663859,2,29.0,0.5729497545461735,2,39.0,0.5136646357289872,1,5.0,0.7563901632277641,26,349.0
1145.0,24,187.0,1.147239263803681,8.287374538179819,7,188.0,0.16522102090440516,1,15.0,0.6275094983455921,1,11.0,0.6177460156931612,2,17.0,0.5554142435804765,4,27.0,0.2127061701834656,0,0.0,0.9731183086938505,3,31.0,0.4584368824022773,3,51.0,0.3348570058953689,2,11.0,0.7194661780240511,23,351.0
1150.0,28,177.0,1.10625,8.405993916646114,8,169.0,0.12860615553267848,1,5.0,0.5134534869275674,0,4.0,0.7409479034058669,2,23.0,0.6686973927371096,3,36.0,0.2819479558247507,0,5.0,0.9663826718199205,3,39.0,0.35521280004261685,3,21.0,0.3986218661953656,3,22.0,0.5671282742376772,23,324.0
1155.0,23,233.0,1.4382716049382716,9.540576379925664,8,181.0,0.17313387938078312,1,10.0,0.6453807259971329,0,4.0,0.8035644032914128,2,33.0,0.7175688567366593,2,25.0,0.31536493853978564,0,5.0,0.6492849609858553,4,42.0,0.4575794876349105,1,19.0,0.5563017141093473,0,0.0,0.8943427793234916,18,319.0
1160.0,20,220.0,1.3496932515337423,8.83956694867742,4,160.0,0.160235892717344,1,15.0,0.6306528359367121,0,4.0,0.8960742973462263,2,43.0,0.7217253872182342,1,13.0,0.5504084110168217,0,2.0,0.9591522197034849,3,37.0,0.2886812959769924,2,23.0,0.6521354626756095,0,4.0,0.703283013217273,13,301.0
1165.0,27,281.0,1.7345679012345678,8.449299073810177,6,133.0,0.2802216830031348,1,20.0,0.7320935328505201,0,4.0,0.614840289539634,3,52.0,0.5970371731646007,3,25.0,0.6492500301379589,0,2.0,0.9256767351850802,2,29.0,0.4767885351006998,1,5.0,0.5574032858523399,3,12.0,0.4858074428402727,19,282.0
1170.0,25,273.0,1.70625,8.00792512928941,5,119.0,0.2220626745593286,1,25.0,0.6581148763951953,3,14.0,0.4986055853685671,2,33.0,0.20896609790622717,3,40.0,0.6347507323652593,0,0.0,1.0,2,35.0,0.3664184743234608,1,10.0,0.5388756334812544,1,10.0,0.5703412428937094,18,286.0
1175.0,25,248.0,1.521472392638037,7.849079325687215,4,133.0,0.3182977560999206,1,6.0,0.5439625581649707,1,16.0,0.7782233347919087,3,18.0,0.3847137402383893,3,37.0,0.4032252945899006,0,2.0,0.9906281437833678,0,14.0,0.5156865696756185,3,19.0,0.48723802255580073,1,6.0,0.667867287617951,16,251.0
1180.0,33,352.0,2.186335403726708,8.428018677624305,5,156.0,0.45193409458183265,2,11.0,0.5087655631502538,0,11.0,0.9000400761893121,4,42.0,0.45714197098389214,1,36.0,0.36023029349295654,0,25.0,0.7944330777679266,4,17.0,0.2737051844273152,2,20.0,0.590684091726157,1,18.0,0.792662884857507,19,336.0
1185.0,31,363.0,2.2830188679245285,8.098300646951953,5,111.0,0.17670276332316204,3,22.0,0.37372861933202944,1,13.0,0.7198769450534257,2,22.0,0.5438066894637742,2,24.0,0.4236730100921878,0,0.0,0.9730859231452661,5,42.0,0.16643826705494796,1,21.0,0.42108831421600884,1,23.0,0.48667599076998913,20,278.0
1190.0,32,369.0,2.3503184713375798,8.382324787589345,4,102.0,0.4039650842693981,1,17.0,0.6021364933546778,1,11.0,0.7334131413917664,1,9.0,0.8387344807694297,2,21.0,0.5117729984089177,0,1.0,0.9411029160205612,5,80.0,0.32584349063472945,4,34.0,0.2745303960795811,4,28.0,0.27666219827071586,22,303.0
1195.0,27,323.0,2.0573248407643314,8.119579054664442,4,76.0,0.5263077653293807,0,4.0,0.7492063769893961,1,12.0,0.6998017732740606,1,14.0,0.6153756764027107,3,28.0,0.48530781171910664,0,2.0,0.9560742885367025,6,132.0,0.3493484738989092,4,24.0,0.3612479977899496,1,9.0,0.15631137782526436,20,301.0
1200.0,27,287.0,1.79375,7.62239272542015,3,76.0,0.42225506044226485,1,8.0,0.6328731604148793,3,24.0,0.6256850702397198,2,22.0,0.6483214565755714,4,48.0,0.22226684630499755,0,0.0,1.0,4,94.0,0.4197086281313633,2,35.0,0.5532288803940579,0,0.0,0.7974105961460388,19,307.0
1205.0,23,293.0,1.83125,7.986040789274753,5,95.0,0.23822069965870912,1,13.0,0.48409118786390587,1,11.0,0.8557004265724754,2,10.0,0.5704597429883422,3,63.0,0.3916219994130738,0,0.0,1.0,1,43.0,0.48719114563295357,2,38.0,0.6676382513611426,0,6.0,0.8891063890986235,15,279.0
1210.0,28,326.0,1.9878048780487805,8.2224189179544,9,130.0,0.06524866408434332,2,23.0,0.46674511225992177,0,8.0,0.7563277312067873,1,12.0,0.32279181114752153,0,38.0,0.708392843280931,0,0.0,1.0,4,53.0,0.27839225055504085,3,12.0,0.585457560963081,0,6.0,0.7445001105192111,19,282.0
1215.0,30,216.0,1.309090909090909,8.490389670802823,9,127.0,0.000693629883518291,2,33.0,0.29706964704353056,3,13.0,0.42070511894103463,4,28.0,0.5020680729535866,0,8.0,0.7174920456415987,0,1.0,0.9387021707679816,3,15.0,0.363509196991428,4,28.0,0.49607457049256226,1,9.0,0.769413792477025,26,262.0
1220.0,21,155.0,0.9810126582278481,8.611042841733902,5,128.0,0.22191478763359115,0,0.0,0.9344282143066164,1,7.0,0.47466869156732666,2,22.0,0.7570073844288238,1,4.0,0.7299651184338475,0,1.0,0.9485093353791139,2,9.0,0.41151586396389933,6,54.0,0.34230857503481615,2,10.0,0.5280688446986878,19,235.0
1225.0,22,167.0,1.0705128205128205,8.843118566152356,4,107.0,0.3553009721453161,0,4.0,0.9086395696371974,0,4.0,0.9725423371872897,0,15.0,0.8203374732069353,2,6.0,0.397629100240808,0,103.0,0.7409772927101502,3,47.0,0.3198672504376253,5,50.0,0.28464041592597533,3,20.0,0.3303097865772164,17,356.0
1230.0,18,160.0,1.0457516339869282,8.842512724572893,3,104.0,0.48788267845367256,0,4.0,0.9247799677004145,0,4.0,0.6575591575087263,2,14.0,0.7095155981036959,0,4.0,0.6474662397701393,0,103.0,0.7744278434614807,3,29.0,0.5121799618238992,4,41.0,0.3802301827636498,1,5.0,0.4571066184831878,13,308.0
1235.0,18,135.0,0.8544303797468354,9.233694977766962,2,46.0,0.6369263583783824,0,4.0,0.9218789370713649,0,0.0,0.9509245244135067,2,30.0,0.5785194782707914,1,6.0,0.7180767805394153,0,32.0,0.752010111277357,1,28.0,0.5353929946933503,7,65.0,0.3231153740958566,0,4.0,0.6604596929973172,13,215.0
1240.0,17,128.0,0.8152866242038217,9.183757733522992,3,26.0,0.5083141493083528,0,4.0,0.883619430372997,0,4.0,0.9516567163880806,1,28.0,0.5433557910062408,2,13.0,0.7619396053039245,0,24.0,0.7942770078538648,3,39.0,0.42204192358302767,5,58.0,0.41748384199237426,1,9.0,0.4536800222864528,15,205.0
1245.0,14,105.0,0.6645569620253164,8.938865315448503,4,35.0,0.36712567340294394,0,4.0,0.9829040058432312,0,0.0,0.9914602285303978,2,25.0,0.43871088299907873,1,15.0,0.510961137868849,0,20.0,0.9542065038217667,1,36.0,0.41614869794283366,2,52.0,0.5970384493098334,0,0.0,0.07729126687814111,10,187.0
1250.0,23,184.0,1.1794871794871795,8.395507590641415,7,66.0,0.32678289669646754,0,4.0,0.9601617001720449,0,0.0,0.8053085305697127,4,51.0,0.4061030639010756,2,13.0,0.4337217995185073,0,0.0,0.8874053145487061,1,22.0,0.564996088877724,3,37.0,0.38094167968221254,0,0.0,0.5093669103640187,17,193.0
1255.0,21,195.0,1.2264150943396226,8.683174673207695,4,65.0,0.5742169993742673,0,4.0,0.013167508595224782,0,4.0,0.9157263766263403,3,40.0,0.6205059184370885,3,22.0,0.4932395797505817,0,0.0,0.9475817285658638,3,30.0,0.46774958138337686,4,38.0,0.24906661825367987,0,0.0,0.9465888698813743,17,203.0
1260.0,18,204.0,1.2911392405063291,9.006133444931859,4,81.0,0.5349392559043243,1,9.0,1.0170295525933417e-05,0,4.0,0.8946062737191008,2,33.0,0.603613160774697,0,8.0,0.8389650136853463,0,0.0,1.0,2,12.0,0.43295753379213114,3,46.0,0.48135619416735526,0,0.0,0.8516765445551447,12,193.0
1265.0,26,283.0,1.7469135802469136,8.879620952115161,7,110.0,0.3910814075222457,0,0.0,1.0,1,1.0,0.8389530622726197,4,35.0,0.45865914769191146,1,13.0,0.6427286027040271,0,0.0,0.9742135118082452,1,44.0,0.5982514265653817,3,45.0,0.3857096885622035,0,4.0,0.7389344797638099,17,252.0
1270.0,29,233.0,1.4294478527607362,8.32393518202225,9,111.0,0.3011538251107529,0,0.0,0.8279516476237788,0,0.0,0.8779828494304793,7,39.0,0.38364224363358945,3,19.0,0.5393446880571512,0,4.0,0.8391690619220753,2,68.0,0.4762455415564481,2,16.0,0.3881601271084344,1,14.0,0.7414134638386349,24,271.0
1275.0,25,137.0,0.8404907975460123,8.280179125797059,5,114.0,0.3455223698563017,0,0.0,0.9814836352917723,0,13.0,0.9111184303052102,7,39.0,0.22635265450514006,4,32.0,0.4672805451219207,0,3.0,0.9844364872961296,1,113.0,0.3438195009360733,3,32.0,0.38497893290858415,1,10.0,0.7566956614328235,21,356.0
1280.0,34,251.0,1.539877300613497,7.438949212515224,7,101.0,0.29490518429094453,0,0.0,0.9280026463600397,1,15.0,0.7917330540254447,11,93.0,0.1842367540094992,1,36.0,0.3962860230171637,0,3.0,0.9298758706293391,0,86.0,0.5929050404362185,3,43.0,0.4831149258330833,1,15.0,0.46520348864535277,24,392.0
1285.0,30,285.0,1.7484662576687116,8.319288808808345,7,109.0,0.3039193888196706,0,0.0,0.9319080255372411,2,15.0,0.6591458947946458,8,103.0,0.39975077483477356,1,24.0,0.46932697899949943,0,0.0,0.7707394294087903,2,10.0,0.12848248286845154,1,22.0,0.6302377553023033,0,0.0,0.9005186112832376,21,283.0
1290.0,32,280.0,1.7177914110429449,8.617386837111278,11,165.0,0.24137762791907386,0,0.0,0.9586025651911898,1,15.0,0.7890903346990309,3,90.0,0.5373203353372374,2,35.0,0.4981493965560929,0,0.0,0.9615776429742909,2,13.0,0.47978006120656025,2,12.0,0.5848085837774329,1,2.0,0.634647868932445,22,332.0
1295.0,32,346.0,2.07185628742515,8.50156198103899,13,224.0,0.21034451655918396,0,0.0,0.9773706855602688,1,24.0,0.6560303737571271,3,55.0,0.5037932205609112,0,8.0,0.7040099233917441,0,23.0,0.9896786524052705,0,74.0,0.6354249876795207,4,22.0,0.29600237144451474,2,9.0,0.45859724244813693,23,439.0
1300.0,29,389.0,2.3433734939759034,8.299634960501402,14,256.0,0.10740298453663559,0,0.0,0.977706913404881,0,4.0,0.8832284785850194,4,42.0,0.498297360076027,2,9.0,0.7059199767848044,0,0.0,0.9628938447233774,1,22.0,0.48264212503577303,2,17.0,0.4569285861063334,0,0.0,0.9218293182227206,23,350.0
1305.0,25,376.0,2.278787878787879,7.792310897546503,9,295.0,0.22013607713399883,0,0.0,0.48538026329217177,0,4.0,0.8934435351060463,3,72.0,0.38957577271285215,3,20.0,0.4233288352513943,0,0.0,0.9543694740769406,1,9.0,0.3971696024239173,1,12.0,0.5246140264075054,1,6.0,0.6667952611556374,18,418.0
1310.0,28,446.0,2.6706586826347305,7.966974289349508,8,306.0,0.22238461575405485,1,1.0,0.00691066858380248,0,8.0,0.7980335847139721,5,95.0,0.39041947676239475,3,30.0,0.385524167960982,0,0.0,0.9891377754352946,2,35.0,0.5306916415959353,1,21.0,0.706859617389993,1,11.0,0.7414736460184221,21,507.0
1315.0,32,512.0,3.1219512195121952,7.993099574695249,9,317.0,0.17726891475981976,1,6.0,0.0,0,8.0,0.8958741892764417,8,145.0,0.21637701412870788,2,32.0,0.5234139123021226,0,0.0,1.0,2,33.0,0.5622748440607893,0,0.0,0.7864246633473125,1,16.0,0.7476331239653426,23,557.0
1320.0,28,427.0,2.6036585365853657,7.942011354537581,9,310.0,0.20045805125378394,1,11.0,0.4869462289375686,0,8.0,0.9115513732072764,7,140.0,0.3894780904139606,2,26.0,0.6261530192562914,0,0.0,0.5778635469510174,2,18.0,0.4879748470121568,1,4.0,0.7474696290334015,0,0.0,0.9421920426794669,22,517.0
1325.0,18,165.0,1.0377358490566038,8.02435085013269,5,289.0,0.3409427145727552,1,16.0,0.49843485136301735,0,8.0,0.8306605054439179,3,150.0,0.5564080855595622,0,8.0,0.6438941492527888,0,0.0,0.9728052984842496,2,18.0,0.4421169902252469,1,9.0,0.6643644907829392,0,4.0,0.6067363097976187,12,502.0
1330.0,22,144.0,0.9056603773584906,8.301883428433442,2,160.0,0.5272446471247015,1,21.0,0.4708143301878238,0,8.0,0.8434097492833307,1,152.0,0.45843074183457605,1,13.0,0.5880454889636191,0,4.0,0.9461621459842025,3,37.0,0.3491000096731612,2,7.0,0.6176057604950936,1,10.0,0.7346995690562884,11,412.0
1335.0,23,203.0,1.2378048780487805,8.417224957948891,4,98.0,0.3573144245821543,1,26.0,0.0,1,7.0,0.6576176257255916,1,105.0,0.4997352786110246,2,21.0,0.5076439983767769,0,4.0,0.8333687599551061,3,37.0,0.5860091795885457,3,20.0,0.31596308018162644,0,14.0,0.8760538416506719,15,332.0
1340.0,24,237.0,1.4191616766467066,8.665797784381137,6,108.0,0.2203182019819908,0,0.0,0.9349477855849514,3,21.0,0.628274709652555,2,84.0,0.5047821324359839,0,0.0,0.8060758910742617,0,15.0,0.9414780451922626,1,15.0,0.5771175846269748,4,40.0,0.31830791521939544,1,19.0,0.8192828468357674,17,302.0
1345.0,26,273.0,1.644578313253012,8.589731443461107,7,113.0,0.16160088031173295,0,0.0,0.9465711235430754,2,17.0,0.7383980370120649,2,68.0,0.4218335025504418,2,4.0,0.406096375653631,0,63.0,0.9642382691410256,1,37.0,0.6227813240324458,2,27.0,0.5324025745889236,2,16.0,0.5601378388725681,18,345.0
1350.0,27,350.0,2.121212121212121,8.605261411388357,8,133.0,0.2868787202298298,0,0.0,0.4896298777386692,0,9.0,0.8700771677438612,3,60.0,0.48614907389941375,3,17.0,0.3540583641415681,0,0.0,0.47578867765820176,1,33.0,0.6799094525702594,0,4.0,0.7220608206694924,3,23.0,0.3338995033738951,18,279.0
1355.0,23,265.0,1.6459627329192548,8.074437085727613,8,181.0,0.4192174994567121,0,0.0,0.9533028330632162,0,0.0,0.8087386148601472,3,30.0,0.42671206416266333,1,5.0,0.5732212475964853,0,0.0,0.9511737276139431,0,35.0,0.5545193188181087,0,0.0,0.748275915419226,4,43.0,0.3977589903847471,16,294.0
1360.0,27,276.0,1.7468354430379747,8.285951615218613,8,164.0,0.36786122177553215,0,0.0,0.979211753603026,0,0.0,0.7355787026196536,4,44.0,0.46795140798973706,1,6.0,0.7166101717073078,0,0.0,0.9938068176339266,5,64.0,0.41937826234315684,1,5.0,0.684708618243956,5,64.0,0.35055620478282273,24,347.0
1365.0,32,337.0,2.119496855345912,8.292098383507067,10,173.0,0.1686810116485743,0,0.0,0.9568181483490736,4,15.0,0.5432340430663419,5,71.0,0.46601464282578076,1,11.0,0.7921488490573227,0,4.0,0.9434045941054932,5,86.0,0.4328467100030306,1,1.0,0.6520538617331576,4,72.0,0.3211897564781511,30,433.0
1370.0,38,415.0,2.6265822784810124,7.4076099636949175,12,213.0,0.11906571191898445,1,1.0,0.46418023920815454,5,39.0,0.6002311376853092,3,49.0,0.4457707992133775,1,16.0,0.5404102212312504,0,2.0,0.8661746025513577,3,111.0,0.3944348186421375,2,13.0,0.5978410663924757,3,50.0,0.49637754914487703,30,494.0
1375.0,32,364.0,2.289308176100629,7.669347596140306,10,177.0,0.1445388127502375,0,0.0,0.5618735767754008,2,22.0,0.7161111279837019,1,22.0,0.4036172441376973,1,11.0,0.6290103825000745,0,4.0,0.9962381565736251,5,111.0,0.29893334493830853,2,16.0,0.48818751590820486,4,65.0,0.33990143015290336,25,428.0
1380.0,29,252.0,1.5555555555555556,7.915719949562941,5,147.0,0.2170588412312619,1,2.0,0.0,0,4.0,0.9335122733776492,2,18.0,0.4269519935672118,1,11.0,0.44716367983362576,0,4.0,0.7268634083148343,5,104.0,0.23829019819420405,3,14.0,0.4862672772268157,3,52.0,0.47964879687065887,20,356.0
1385.0,21,256.0,1.5900621118012421,7.9738232499443455,5,102.0,0.29165749833511534,1,7.0,6.608264397235874e-06,0,4.0,0.8537053155272996,3,18.0,0.42501772991054765,2,16.0,0.27087503402161917,0,29.0,0.9208965579070795,2,100.0,0.33797235696434214,1,24.0,0.6057066329998719,1,41.0,0.5748218860760967,15,341.0
1390.0,27,323.0,1.9695121951219512,8.109803188365147,5,96.0,0.3104441584999568,0,0.0,0.8896908036109307,0,4.0,0.8719894324933963,3,26.0,0.5844030406442354,1,14.0,0.6016078429473536,0,29.0,0.9734189126024074,4,71.0,0.29434164310355954,3,38.0,0.5942222358028196,3,50.0,0.149380239835725,19,328.0
1395.0,27,283.0,1.7469135802469136,7.998480672704695,4,94.0,0.4121977742613131,0,0.0,0.9208524422242912,1,6.0,0.6791100396968851,4,50.0,0.36694831899725566,0,6.0,0.904252571473543,0,0.0,1.0,0,53.0,0.48646105179584415,3,21.0,0.44326807494090315,3,46.0,0.22934190791278375,15,276.0
1400.0,27,267.0,1.6481481481481481,8.412572250331477,6,73.0,0.3413907226716995,0,8.0,0.9226701264763179,4,20.0,0.47157677829352895,4,50.0,0.4194648661917497,0,10.0,0.7403136589739031,0,0.0,1.0,2,109.0,0.27212941234269705,2,15.0,0.4749804743148723,1,20.0,0.5780131943524762,19,305.0
1405.0,30,313.0,1.9685534591194969,8.331856275453864,7,63.0,0.2101595189870112,0,12.0,0.8972910259030069,5,48.0,0.5391131125822625,2,12.0,0.37604216298568205,1,9.0,0.5908822168689521,0,0.0,1.0,3,76.0,0.35712371512752994,4,19.0,0.21911071992700493,1,23.0,0.6477833910513884,23,262.0
1410.0,29,352.0,2.2420382165605095,8.351725533988878,4,55.0,0.1890761347492332,0,12.0,0.9217165049028454,1,18.0,0.6621793220441556,4,29.0,0.3891998950236966,1,14.0,0.7372335292622676,0,0.0,1.0,4,122.0,0.3662442016638377,3,30.0,0.538682746525419,1,43.0,0.8125991898686106,18,323.0
1415.0,30,399.0,2.4782608695652173,8.252598679496744,4,52.0,0.35115278668964284,0,12.0,0.8884765994591408,2,13.0,0.6345149309613657,3,27.0,0.5782675395063421,1,23.0,0.6272048354398675,0,0.0,1.0,2,62.0,0.6240801432998851,3,45.0,0.5893898522881965,2,26.0,0.6393988125481984,17,260.0
1420.0,29,448.0,2.7151515151515153,8.006840975583613,4,54.0,0.27537641650280076,1,14.0,0.7017810812888291,4,26.0,0.6320595273669682,2,30.0,0.6078708312602478,0,5.0,0.7230732479100874,0,0.0,1.0,0,109.0,0.5341768010133622,3,60.0,0.6168549727923881,2,45.0,0.5293239455513846,16,343.0
1425.0,37,509.0,3.0297619047619047,7.878273306535071,3,54.0,0.3107873355519151,0,12.0,0.8688252174209623,1,15.0,0.8369989433153063,5,47.0,0.4295627766443633,2,13.0,0.6617525088328955,0,0.0,1.0,4,155.0,0.39644501437668256,2,23.0,0.5679497690994427,3,60.0,0.5410774773131948,20,379.0
1430.0,25,479.0,2.7848837209302326,7.954482032532486,4,60.0,0.0032678305501135083,0,12.0,0.4489451949595883,0,8.0,0.8929645498615636,2,37.0,0.3101745712618122,3,27.0,0.6411280098613105,0,1.0,0.7503648387875759,5,176.0,0.29428485552751443,0,0.0,0.6822634639821158,0,4.0,0.723276154973726,14,325.0
1435.0,30,509.0,2.925287356321839,8.24914355669831,4,51.0,0.188023533804605,3,30.0,0.4337029145560655,0,8.0,0.8938256371526435,1,36.0,0.40343359357974373,3,41.0,0.4636476153290523,0,0.0,0.9214420355839668,6,105.0,0.31936492434034836,0,0.0,0.6041652894093965,1,14.0,0.7461681271585353,18,285.0
1440.0,21,210.0,1.2,8.581136058006308,2,54.0,0.442341608595944,2,21.0,0.6272517042567571,0,12.0,0.9499410916320002,1,32.0,0.56519283281954,3,42.0,0.5349867042247478,0,0.0,1.0,3,98.0,0.43979533596865544,1,7.0,0.4643083003665909,2,39.0,0.5779034764570381,14,305.0
1445.0,21,202.0,1.1542857142857144,8.958658058089807,2,58.0,0.3137543787591891,0,8.0,0.9357276233809898,0,16.0,0.8479670303037157,1,15.0,0.7742730108523382,4,42.0,0.5235254976810751,0,0.0,1.0,4,70.0,0.37332090296942505,2,17.0,0.47053855543100476,3,54.0,0.3645778702025595,16,280.0
1450.0,25,241.0,1.4011627906976745,8.582940187239657,3,79.0,0.32957198236672103,0,8.0,0.9335405902318717,1,20.0,0.7819769631065348,1,20.0,0.854287741324796,3,23.0,0.5850875387199681,0,3.0,0.9510420041741066,5,93.0,0.2933724553569473,2,27.0,0.3357914745331601,4,55.0,0.4682872853726272,19,328.0
1455.0,26,231.0,1.3588235294117648,8.010569206044872,2,53.0,0.5143564575838466,0,8.0,0.8122157371054062,1,17.0,0.8334459030118382,1,36.0,0.8383973265899893,5,25.0,0.4057505341123793,0,3.0,0.9254159728072548,4,83.0,0.28228918325582747,2,13.0,0.30974008252405294,3,67.0,0.5056251682739137,18,305.0
1460.0,33,259.0,1.5146198830409356,7.758845641411541,0,15.0,0.6024081013037303,0,8.0,0.9180463829820787,1,9.0,0.6942159959338503,1,41.0,0.8437791464372513,8,56.0,0.32444561810197325,0,0.0,0.9519581428447377,2,35.0,0.5316071761925104,1,10.0,0.38327225900900824,4,76.0,0.3178814381686587,17,250.0
1465.0,31,318.0,1.904191616766467,8.055866009511826,2,28.0,0.2028328266455787,0,4.0,0.9099598217217956,3,21.0,0.5529218503103738,1,38.0,0.7321287333720571,5,80.0,0.27830746453208316,0,0.0,0.9358403521338031,2,25.0,0.39391862884388185,1,9.0,0.49690172098497415,2,21.0,0.4155753788596129,16,226.0
1470.0,35,345.0,2.1036585365853657,7.632353246159885,3,31.0,0.3523174668530626,2,11.0,0.6752816479936726,1,15.0,0.5918395338342911,3,9.0,0.4383682527842832,5,84.0,0.26501710993697036,0,0.0,0.8119963765305854,3,29.0,0.4284723212456732,1,14.0,0.5584728309509941,1,15.0,0.47035165061510337,19,208.0
1475.0,34,387.0,2.3313253012048194,8.291746957580923,2,30.0,0.6114703427325533,2,21.0,0.6588809545595693,1,9.0,0.5714680017640923,6,34.0,0.21655135576221482,3,88.0,0.37500933505123,0,0.0,0.9996088786590571,2,14.0,0.4781655569245731,1,19.0,0.7090761821549365,1,14.0,0.4911616323425086,18,229.0
1480.0,27,362.0,2.2208588957055215,7.699061629671256,1,1.0,0.4339461183228167,2,31.0,0.6396875031642598,1,10.0,0.0,7,74.0,0.43591755810256,1,50.0,0.4416589583621337,0,107.0,0.9894539006190406,1,10.0,0.5445446736117356,2,24.0,0.5451798994337195,1,5.0,0.44562935613082616,16,312.0
1485.0,27,339.0,2.1055900621118013,7.270884992223619,2,13.0,0.44858302728757177,0,8.0,0.614056738449799,0,0.0,0.9185837399334156,2,37.0,0.6575234151382645,4,65.0,0.32434507166745447,0,1.0,0.8078877383557153,3,92.0,0.45885419245994036,2,11.0,0.4752611741795776,2,11.0,0.0006501604161191086,15,238.0
1490.0,29,334.0,2.1139240506329116,7.6979409803154235,1,5.0,0.6347232036327835,1,6.0,0.7759197549030029,0,0.0,0.686137370008208,1,16.0,0.6792390190756824,6,88.0,0.20753204362809877,0,1.0,0.9814609106470568,1,11.0,0.5014815357577544,3,26.0,0.5433608019012817,2,28.0,0.590697943976094,15,181.0
1495.0,20,261.0,1.6415094339622642,8.75283269708153,1,18.0,0.5813106931868143,1,11.0,0.6072298671920346,0,0.0,0.9332723275474646,1,12.0,0.7185341714836098,4,112.0,0.3805750270347029,0,0.0,0.979339484969793,2,3.0,0.340351561914483,4,36.0,0.37898640253003135,2,38.0,0.5363015120428042,15,230.0
1500.0,18,238.0,1.5256410256410255,8.958914204786856,3,28.0,0.514597524778988,2,20.0,0.523032036394311,0,8.0,0.9481107618921139,1,9.0,0.7555095397837664,0,61.0,0.48470451248479685,0,1.0,0.8092055442398589,1,7.0,0.35034495252675907,5,55.0,0.274126572298911,1,8.0,0.749582079080942,13,197.0
1505.0,19,238.0,1.515923566878981,8.757591804567333,2,27.0,0.4513938122117501,3,22.0,0.4243611234305282,0,8.0,0.7047381605479974,1,10.0,0.7627133848882297,2,9.0,0.5933094026308458,0,1.0,0.9683046876013104,2,100.0,0.42538336225286694,2,23.0,0.3121522869733578,1,5.0,0.6373061328607227,13,205.0
1510.0,24,290.0,1.9078947368421053,8.423576256395188,2,22.0,0.4579319478944277,1,19.0,0.45975103618243407,2,13.0,0.6417989689585594,1,15.0,0.7810584744244832,2,19.0,0.5376274730255307,0,0.0,1.0,3,105.0,0.34164243196453176,3,20.0,0.3485007382299116,2,12.0,0.4079314232352511,16,225.0
1515.0,33,408.0,2.6842105263157894,7.656227451820657,3,29.0,0.17899109824730414,2,23.0,0.31630526673427023,0,0.0,0.8213369396398006,2,25.0,0.6103615218157913,3,42.0,0.5910536999912948,0,0.0,0.9705514694370015,4,107.0,0.340601691746045,3,34.0,0.5525732275229864,2,22.0,0.28948373015422674,19,282.0
1520.0,32,386.0,2.522875816993464,7.401720842288017,2,28.0,0.15245235262006473,1,11.0,0.6312029790547341,1,4.0,0.7532414817157996,4,20.0,0.4227287138021089,3,57.0,0.6713548215118461,0,0.0,1.0,4,115.0,0.30197440090111805,1,25.0,0.6290692599871947,1,3.0,0.0,17,263.0
1525.0,15,193.0,1.2451612903225806,8.010928422513784,1,30.0,0.4087843405984984,0,4.0,0.6560258843109238,1,13.0,0.6347578993217888,4,31.0,0.4485507154451604,3,76.0,0.5713686258155125,0,8.0,0.8869550080865738,1,24.0,0.31995289503290053,2,37.0,0.7016737949530296,1,12.0,0.46247168306426567,13,235.0
1530.0,21,233.0,1.5032258064516129,8.148087422273372,1,31.0,0.6122831983729634,1,8.0,0.4814506311201338,0,6.0,0.6400627538899758,6,67.0,0.43145368263413314,2,54.0,0.5497352847578562,0,8.0,0.9409408588092278,3,42.0,0.34402568183043564,3,49.0,0.39522547932763136,2,20.0,0.537078673901736,18,285.0
1535.0,22,176.0,1.1,7.605515742544183,1,36.0,0.6787059615944194,0,4.0,0.2341969554813894,2,16.0,0.6427851316978308,5,53.0,0.3946941289584953,2,34.0,0.48352304369793614,0,3.0,0.9606066068732597,3,47.0,0.38900507521318184,4,53.0,0.29685993820742823,0,0.0,0.6568262044147785,17,246.0
1540.0,28,227.0,1.3841463414634145,8.277764050928122,2,42.0,0.6636478336499189,1,13.0,0.616060263697135,3,29.0,0.5891047818530739,2,51.0,0.5222944799458881,2,31.0,0.44611941524947957,0,67.0,0.7842471093547625,3,46.0,0.48327115522151876,4,64.0,0.24564130368790146,2,3.0,0.2874067930741981,19,346.0
1545.0,23,242.0,1.4938271604938271,8.881959192232227,3,68.0,0.5045015106276981,1,18.0,0.450082046170478,2,15.0,0.7160446151374056,2,35.0,0.6287987831221655,1,19.0,0.6841970722334487,0,64.0,0.7792154610958537,3,44.0,0.5197631012676437,3,74.0,0.1655794101165487,3,17.0,0.37973324225376254,18,354.0
1550.0,25,290.0,1.8125,9.001989024707282,4,86.0,0.2034248595434318,1,23.0,0.6340001628166655,0,4.0,0.7962809482440621,2,33.0,0.5653997905794438,0,12.0,0.8099375805485011,0,0.0,0.9750072742131104,1,30.0,0.5748194123649267,4,84.0,0.17880703345803234,1,12.0,0.5482064098222486,13,284.0
1555.0,34,361.0,2.25625,8.63032346702619,6,115.0,0.2656142000906036,1,28.0,0.6482021242225392,2,11.0,0.7113973269363559,2,12.0,0.6592364385032143,1,15.0,0.6760631916835187,0,48.0,0.9289116892042113,2,28.0,0.4683726461800198,5,109.0,0.15337128569521338,2,7.0,0.4745308534074542,21,373.0
1560.0,35,447.0,2.759259259259259,7.929973816813153,7,142.0,0.1407726996710193,1,33.0,0.4889561563515729,1,16.0,0.8275582769681488,1,19.0,0.6451617637951276,0,8.0,0.5652648210875593,0,48.0,0.9879332304748467,4,47.0,0.30514659828275487,5,134.0,0.13104463373800296,4,23.0,0.3134877312865613,23,470.0
1565.0,32,312.0,1.9259259259259258,7.821581150179956,6,98.0,0.20272020943692068,0,0.0,0.9443762394938143,0,6.0,0.8052871872309582,4,32.0,0.3884133356563398,2,16.0,0.6242645704939555,0,57.0,0.9451801171102057,4,48.0,0.26022146178908484,2,36.0,0.24253593646892493,3,22.0,0.34190596411495616,21,315.0
1570.0,23,132.0,0.8,7.767435532656253,5,96.0,0.1609109404997717,0,0.0,0.9537512835041105,2,10.0,0.651014206445637,2,16.0,0.3727386351288257,2,26.0,0.49518878070780364,0,10.0,0.9346031325601653,3,123.0,0.36363582093243796,2,27.0,0.40516285035111665,2,37.0,0.6589788085548285,18,345.0
1575.0,29,233.0,1.3952095808383234,8.432700997157921,5,75.0,0.15869226856667365,0,4.0,0.7048147271844338,1,5.0,0.7689778590569736,1,11.0,0.5075595581466835,3,49.0,0.4629098143550358,0,7.0,0.9496850846024961,5,136.0,0.4350837078977349,1,22.0,0.6204335841581015,2,39.0,0.7179824328048079,18,348.0
1580.0,22,193.0,1.1626506024096386,8.476665715935146,3,48.0,0.4519950141990136,0,4.0,0.6983413456470045,1,2.0,0.7807578136197986,3,15.0,0.5670544929167599,1,20.0,0.7850113342272148,0,0.0,1.0,3,35.0,0.4059802561654215,0,0.0,0.9556425977298243,1,19.0,0.683760414383229,12,143.0
1585.0,17,118.0,0.7329192546583851,8.609178716618715,2,41.0,0.5476608052844992,0,4.0,0.9281893592261018,2,8.0,0.5426513816458918,3,15.0,0.49605516356007584,0,16.0,0.5325227260003025,0,0.0,1.0,1,4.0,0.38780917843966184,2,12.0,0.7457497013489621,1,32.0,0.6206739022352181,11,132.0
1590.0,23,167.0,1.04375,8.623150940292408,2,35.0,0.45050306446996713,0,4.0,0.9599209042989142,2,4.0,0.5351717485732036,4,21.0,0.4883561282395972,3,16.0,0.3543984356189225,0,0.0,1.0,3,58.0,0.3897452697899542,3,24.0,0.6505845487252214,2,39.0,0.6753913881554918,19,201.0
1595.0,23,201.0,1.25625,8.266191795409856,4,31.0,0.43149128078000915,0,4.0,0.9144177017023603,1,7.0,0.7483162540422467,5,41.0,0.5598826630711806,0,4.0,0.9694925360259803,0,0.0,1.0,4,78.0,0.3267124849817024,3,17.0,0.6192193485253085,1,24.0,0.4388921524141363,18,206.0
1600.0,19,171.0,1.089171974522293,8.17183171300117,2,26.0,0.4249390882573629,0,0.0,0.6469538661794932,1,12.0,0.5224543049741405,1,21.0,0.4398966595052354,0,8.0,0.756091377458034,0,16.0,0.996377395736494,6,152.0,0.3592276744228561,3,22.0,0.5013510910791672,2,18.0,0.5540773255558565,15,275.0
1605.0,35,217.0,1.3647798742138364,7.955603921323526,4,27.0,0.5447823032381913,0,0.0,0.9565746521664962,2,11.0,0.450748649320071,4,16.0,0.47943825307491844,1,10.0,0.5246080316835195,0,18.0,0.9760949632727247,8,145.0,0.2993858924128795,6,49.0,0.20420098731378414,3,32.0,0.6014752518900777,28,308.0
1610.0,24,194.0,1.1975308641975309,7.811203039019981,4,39.0,0.3518288663297241,0,0.0,0.9347702307208653,0,5.0,0.8094274675795784,4,36.0,0.27802815058500385,1,6.0,0.569167195114598,0,1.0,0.8465322524131299,3,129.0,0.30592277749363034,5,43.0,0.2560507823475991,2,24.0,0.713474883094439,19,283.0
1615.0,20,187.0,1.147239263803681,8.34955663939686,3,35.0,0.31577779012168294,0,0.0,0.7933561597334652,0,4.0,0.9056012236614512,2,21.0,0.3132115535065865,0,8.0,0.7799234839218989,0,1.0,0.9410229117076141,5,146.0,0.3041031924155498,2,40.0,0.5052189245525633,1,15.0,0.6582713725448914,13,270.0
1620.0,23,202.0,1.2546583850931676,8.418111597254985,6,56.0,0.24375462756112293,0,0.0,0.705034811696472,0,4.0,0.642532910841182,2,11.0,0.5840627095810828,1,18.0,0.623628891520891,0,0.0,1.0,4,148.0,0.1952467738447622,2,42.0,0.6327010140280562,2,18.0,0.38990521413855833,17,297.0
1625.0,20,174.0,1.0609756097560976,8.801152570831604,4,66.0,0.39259282031058185,0,0.0,0.7987325737107117,1,9.0,0.7161227429744413,2,21.0,0.6862473621382862,1,18.0,0.8213614421445539,0,0.0,1.0,3,94.0,0.38533570632338915,0,8.0,0.9102314957974299,1,38.0,0.693417263575131,12,254.0
1630.0,23,193.0,1.191358024691358,9.209771859552218,4,60.0,0.4613185888888721,0,4.0,0.9047542157386971,1,14.0,0.7048847548582472,4,36.0,0.37394295271949174,0,5.0,0.9192362287353907,0,7.0,0.9408980271504808,2,77.0,0.5444965107347504,2,12.0,0.41325060806529823,0,36.0,0.7856675537504746,13,251.0
1635.0,30,212.0,1.3006134969325154,8.648637312523183,4,82.0,0.4469764697164697,0,4.0,0.9457887004217763,1,8.0,0.82057622407453,3,19.0,0.5764261375065914,0,13.0,0.6920976989192805,0,16.0,0.9581102398402908,3,143.0,0.4476323308247757,4,35.0,0.5190619132079953,1,42.0,0.6847304626666684,16,362.0
1640.0,22,197.0,1.1796407185628743,8.63741738597742,6,83.0,0.25508164759913254,0,4.0,0.8969323175550153,0,4.0,0.9055740985390766,1,18.0,0.7059227551298728,0,12.0,0.6611970668093321,0,4.0,0.8908997847723874,3,107.0,0.45841638888332065,2,23.0,0.6343951488977442,1,58.0,0.7777857398120155,13,313.0
1645.0,21,165.0,0.9763313609467456,8.627640943239195,3,79.0,0.2965733115399348,1,5.0,0.7261624401849838,0,0.0,0.89523231466839,2,14.0,0.5427825221235252,1,17.0,0.4917498058776019,0,0.0,1.0,1,72.0,0.49544196620906045,3,21.0,0.450565679038944,1,23.0,0.7405938269973442,12,231.0
1650.0,25,243.0,1.4550898203592815,8.77064876607892,3,50.0,0.41536641551564857,0,4.0,0.7079791104913609,0,0.0,0.825581178566009,4,43.0,0.4818958577408393,2,18.0,0.4194026863395953,0,15.0,0.9370263263690242,1,20.0,0.618124633355555,2,32.0,0.3956036488143008,1,28.0,0.6703759822892573,13,210.0
1655.0,26,176.0,1.093167701863354,8.698785295992433,4,63.0,0.37444069575716693,1,2.0,0.5829500099114525,1,5.0,0.7580819116595775,1,23.0,0.7312051783891083,2,17.0,0.6622215929794091,0,15.0,0.9621833987356169,0,37.0,0.6890721461991595,4,48.0,0.428734739036509,2,7.0,0.5701558848839305,15,217.0
1660.0,22,177.0,1.120253164556962,8.16371788491864,5,94.0,0.38156603529513716,2,10.0,0.47284747925365606,1,10.0,0.6207254931878504,1,22.0,0.5465467897414649,1,14.0,0.5930104290378319,0,11.0,0.9703543165178801,2,47.0,0.5529269294185873,2,31.0,0.5738071151395087,2,12.0,0.5206562372034055,16,251.0
1665.0,38,263.0,1.64375,7.335044084857339,7,105.0,0.3109985414294988,1,1.0,0.4782676290528289,0,0.0,0.8308674536854982,7,43.0,0.3898800219990859,3,27.0,0.4030249176344207,0,0.0,1.0,5,68.0,0.43082677885434767,3,32.0,0.5079339608312481,3,34.0,0.5552709484106241,29,310.0
1670.0,22,200.0,1.2658227848101267,7.681763150246335,3,111.0,0.20737639158066384,1,1.0,0.005336414724261802,1,2.0,0.7546117136860294,4,56.0,0.5226976355232398,3,21.0,0.5278574025195262,0,29.0,0.9604036478544884,3,40.0,0.18062502428099836,4,51.0,0.45995488185926925,1,9.0,0.6840641527865389,20,320.0
1675.0,19,176.0,1.1503267973856208,8.488735556560924,6,120.0,0.12309528712876774,1,6.0,0.0,1,7.0,0.7742971210321665,1,42.0,0.5088867952364491,1,10.0,0.3995289757780522,0,43.0,0.9619870776912761,2,21.0,0.3238650784182138,2,36.0,0.36901279825728406,1,15.0,0.8154486683491099,15,300.0
1680.0,16,217.0,1.4276315789473684,9.258854924606972,6,137.0,0.23435623744119835,0,0.0,1.0,0,4.0,0.9350447475591929,2,40.0,0.6373476552481179,2,23.0,0.5595490335055113,0,54.0,0.9781830688633826,2,30.0,0.4226967194646043,2,41.0,0.5123594936036723,1,19.0,0.502554601892344,15,348.0
1685.0,13,217.0,1.4183006535947713,9.497240403027453,3,126.0,0.38409732560743653,0,0.0,1.0,0,4.0,0.887723185256683,3,33.0,0.5894684313442854,0,12.0,0.8174660457992395,0,19.0,0.8323281522078412,1,15.0,0.33504887730863825,2,52.0,0.5019078241060446,2,21.0,0.49244751063447634,11,282.0
1690.0,13,190.0,1.3013698630136987,9.645214509286877,3,133.0,0.42267906100515057,0,0.0,1.0,1,7.0,0.8331009891545195,3,21.0,0.5138853196036071,1,16.0,0.830521852177831,0,10.0,0.8188464908321674,0,4.0,0.9673220573118515,1,17.0,0.702895590531838,2,28.0,0.5432512581969766,11,236.0
1695.0,20,188.0,1.3146853146853146,8.529873722631214,5,90.0,0.22590320890295673,0,0.0,1.0,0,4.0,0.9074609744205075,6,25.0,0.4137225031955435,1,21.0,0.6149542467732634,0,10.0,0.9918256907418411,0,17.0,0.855600158642384,2,25.0,0.49542908182625967,2,38.0,0.21211889052792113,16,230.0
1700.0,23,200.0,1.36986301369863,7.685793646689714,6,60.0,0.29033111032361575,0,0.0,1.0,1,9.0,0.7709775150454956,7,58.0,0.3228824004169484,1,13.0,0.5920289698462512,0,10.0,0.9208486098717638,1,22.0,0.6278635271255886,3,40.0,0.28220245832058816,1,8.0,0.6177873224855993,20,220.0
1705.0,24,230.0,1.5753424657534247,7.699509697868918,7,95.0,0.4165171007035034,0,4.0,0.9706375605541523,1,10.0,0.7830098540298285,2,29.0,0.35512215554132126,0,6.0,0.9002161393149537,0,10.0,0.9142822175794254,4,28.0,0.2808083041956546,3,33.0,0.23563403730544447,0,6.0,0.9243771058335832,17,221.0
1710.0,24,265.0,1.7666666666666666,8.867686494036228,6,71.0,0.3518503637908431,0,8.0,0.9364048593427243,1,12.0,0.775580553592212,0,2.0,0.7907060983239209,1,8.0,0.7240635370345239,0,0.0,1.0,5,76.0,0.4080950134650043,1,33.0,0.5487827098013328,1,11.0,0.7650395957555063,15,221.0
1715.0,18,192.0,1.2972972972972974,8.364336975675421,6,80.0,0.29052754434665534,0,8.0,0.9427832234597803,0,0.0,0.7163582995919268,1,2.0,0.5480714220920163,0,8.0,0.8476875689388512,0,0.0,1.0,3,90.0,0.38941753277611935,1,38.0,0.6451390294123623,1,15.0,0.691338924182084,12,241.0
1720.0,16,186.0,1.2567567567567568,8.841260664494008,7,94.0,0.3792020386200754,0,12.0,0.9371195133019585,0,0.0,0.91094771747298,0,0.0,0.613575895192654,1,10.0,0.7388860025505619,0,0.0,1.0,2,76.0,0.25547509182904593,1,39.0,0.650398069554711,1,14.0,0.6268369983323065,12,245.0
1725.0,20,253.0,1.6866666666666668,8.598456935637657,7,126.0,0.3019862758093094,1,13.0,0.682146539907586,0,8.0,0.9469613519334411,1,7.0,0.6531882225119059,1,9.0,0.6999557454381264,0,0.0,1.0,3,77.0,0.27988036326182786,2,47.0,0.4843734673343284,2,23.0,0.7027103467642268,17,310.0
1730.0,20,255.0,1.6666666666666667,8.968371012264157,6,144.0,0.29915799193922893,1,15.0,0.6842030935553087,0,5.0,0.8003377480425127,2,14.0,0.5871216311239614,0,0.0,0.7185962667846144,0,0.0,0.91169378973578,2,102.0,0.5658257746442055,3,57.0,0.4721753180457717,2,21.0,0.5972307828207849,16,358.0
1735.0,12,158.0,1.0463576158940397,8.704051952236636,8,161.0,0.24258024669661457,0,8.0,0.7280304242854413,1,7.0,0.6534826021785693,0,3.0,0.7672953116432145,0,0.0,0.8674894695572419,0,0.0,0.9636650383898304,1,85.0,0.46291169893109774,1,13.0,0.5032212957422353,1,14.0,0.6037663476594679,12,291.0
1740.0,23,193.0,1.2953020134228188,8.393738342735586,8,135.0,0.016864609889631312,2,13.0,0.315208307028801,1,12.0,0.5913012892401373,0,5.0,0.777954022094193,1,3.0,0.7044171389604068,0,0.0,0.9684589914554858,3,33.0,0.3712154827185467,3,30.0,0.5846001782308344,2,20.0,0.5490980973539473,20,251.0
1745.0,13,104.0,0.7027027027027027,8.900128088210426,3,99.0,0.14151204417213398,0,4.0,0.793909050507937,2,12.0,0.5541325702752383,0,5.0,0.7965498101765404,0,0.0,0.7182490476422126,0,0.0,0.980594073788675,4,46.0,0.37396163597526705,3,45.0,0.476914252472175,0,4.0,0.852556846260059,12,215.0
1750.0,16,104.0,0.7074829931972789,9.030178467558168,1,56.0,0.5921245752090267,0,0.0,0.8745401002158518,1,3.0,0.802809896499054,0,11.0,0.885484545286805,0,0.0,0.8089701837544551,0,0.0,1.0,5,101.0,0.20174615361601841,4,68.0,0.4816400960958882,0,12.0,0.9353727813997236,11,251.0
1755.0,13,69.0,0.47586206896551725,8.562833114212395,1,46.0,0.18357529898615688,0,0.0,0.9239653792066651,0,0.0,0.7583822201598841,1,12.0,0.7142936231079628,0,0.0,0.9528329266049007,0,2.0,0.9653241395603003,4,50.0,0.2844616265073824,3,36.0,0.4397065995651184,0,4.0,0.8113603743555292,9,150.0
1760.0,15,121.0,0.8231292517006803,8.703216156395158,3,56.0,0.3783550998991086,0,0.0,0.9759322674998244,1,12.0,0.8086038831834917,1,13.0,0.7256017196943473,0,4.0,0.8191903970338034,0,0.0,1.0,5,62.0,0.3935331569516027,3,41.0,0.5610202772251659,0,13.0,0.7604974292329746,13,201.0
1765.0,13,119.0,0.8040540540540541,8.972029484793797,3,71.0,0.5446175975228578,0,0.0,0.9343041185221264,0,8.0,0.8201059167594911,1,9.0,0.41706013596133956,0,4.0,0.6912411335434993,0,0.0,1.0,2,37.0,0.4191065484137841,3,52.0,0.5199052153177286,1,8.0,0.696221755433441,10,189.0
1770.0,15,93.0,0.6241610738255033,9.270436514124611,3,98.0,0.49729355936727004,0,0.0,0.9416841832565479,0,4.0,0.8856873409380075,4,29.0,0.3886284434222449,1,11.0,0.7876049069899443,0,0.0,0.9677390730679607,3,21.0,0.45137759388494875,0,3.0,0.7224575748831101,2,15.0,0.522661094508032,13,181.0
1775.0,24,146.0,0.9668874172185431,9.27570003977941,4,85.0,0.3415959238447365,1,1.0,0.7373644591931271,1,11.0,0.8218519913790466,5,50.0,0.4191815198099171,1,20.0,0.7348197634282554,0,8.0,0.9461522762467853,7,48.0,0.28596433317993053,1,6.0,0.5009396234303896,2,10.0,0.28255934569077584,22,239.0
1780.0,14,83.0,0.5460526315789473,8.942110184692083,2,57.0,0.22290592196293363,1,6.0,0.6964555579187443,0,8.0,0.8283020529647116,2,20.0,0.5563633499654432,0,14.0,0.7933041016464578,0,18.0,0.9637821976026074,3,34.0,0.4499815797449081,2,19.0,0.6083700080811533,1,13.0,0.5979568901375591,11,189.0
1785.0,13,67.0,0.43506493506493504,9.73340290349957,3,38.0,0.4755749462707737,1,11.0,0.7002585736350944,1,12.0,0.7335108756248511,0,7.0,0.7158551953718306,2,14.0,0.6566356621697622,0,9.0,0.9365370343311546,0,15.0,0.7361445289841638,1,16.0,0.7740185039387703,1,18.0,0.6958513867177631,9,140.0
1790.0,16,73.0,0.47096774193548385,8.589913567894655,4,33.0,0.2494199675104302,1,2.0,0.6323607466203666,2,30.0,0.6365393335635332,1,10.0,0.6689734044742581,4,28.0,0.44342483659622417,0,0.0,0.9981065459585199,1,10.0,0.3818752640124914,1,21.0,0.8186040377551184,0,4.0,0.690240532133059,14,138.0
1795.0,21,96.0,0.6037735849056604,8.501262283880427,5,34.0,0.39932007240279843,1,7.0,0.6387820869244544,2,20.0,0.48934126846861414,2,13.0,0.6096685652659026,4,30.0,0.4593754698998313,0,0.0,1.0,2,8.0,0.19577501288791896,1,22.0,0.6257580291424645,1,8.0,0.597314320577954,18,142.0
1800.0,26,169.0,1.0903225806451613,8.334570414288207,6,62.0,0.21473652658044737,1,12.0,0.38158362212252017,3,27.0,0.431520813228377,2,27.0,0.6155080187532908,2,26.0,0.5279201863940636,0,0.0,1.0,1,12.0,0.5068326266357532,3,32.0,0.44896670806562194,2,14.0,0.22403524752761136,20,212.0
1805.0,20,178.0,1.141025641025641,8.943489956967642,5,81.0,0.34971528748317493,0,0.0,0.7951300951737891,4,42.0,0.5580569869340413,2,37.0,0.5746605110927078,3,24.0,0.5067840282307207,0,6.0,0.9807518053171524,1,21.0,0.6985581650014273,1,7.0,0.6004316456062629,0,0.0,0.9129094376394997,16,218.0
1810.0,20,195.0,1.2580645161290323,8.589630252961625,4,83.0,0.25242435921404793,0,0.0,1.0,2,22.0,0.6852278718525783,2,47.0,0.6683517950287882,5,45.0,0.30846096206567264,0,6.0,0.9227023033731259,1,10.0,0.5374806944833662,1,6.0,0.5673532189720244,0,5.0,0.7684487943640096,15,224.0
1815.0,23,238.0,1.4968553459119496,8.382868857173358,4,81.0,0.21613932202132366,0,0.0,1.0,3,19.0,0.6341855488484991,2,57.0,0.5742975772824817,2,13.0,0.4213475205584598,0,0.0,0.9576217166025469,1,12.0,0.4387990119926551,2,16.0,0.6162979920097672,1,7.0,0.7918875343084977,15,205.0
1820.0,28,271.0,1.7151898734177216,8.457024938373674,3,68.0,0.35932918875812064,0,0.0,1.0,4,37.0,0.632417246621977,3,42.0,0.5928097892008527,3,14.0,0.6061677691266373,0,18.0,0.9485751755544027,3,19.0,0.5495684415632514,1,16.0,0.6930073647465241,1,12.0,0.7635892679311167,18,226.0
1825.0,24,220.0,1.3924050632911393,8.527261763029044,1,19.0,0.14969838541802136,0,0.0,1.0,4,57.0,0.6376486524753601,2,13.0,0.6378671272849851,3,33.0,0.5788365336276399,0,23.0,0.954827393571984,1,9.0,0.536292348395954,4,28.0,0.4005412504939097,1,17.0,0.6507740401107358,16,199.0
1830.0,28,242.0,1.5316455696202531,8.10734811338711,2,26.0,0.17069877570501502,0,0.0,0.9756254722802709,1,17.0,0.7960409396692147,4,30.0,0.2718875025279596,3,38.0,0.6164475091485061,0,0.0,1.0,3,22.0,0.4303479024139687,3,40.0,0.4330653596682391,1,18.0,0.005475505735374819,17,191.0
1835.0,24,224.0,1.4,8.624738615493218,1,27.0,0.3915181489463921,0,0.0,0.9895593660576223,0,4.0,0.8978330869083382,3,22.0,0.4690769261305643,1,30.0,0.6024050842536832,0,13.0,0.9214277792548656,4,49.0,0.321913432809008,3,37.0,0.5148576223730157,0,0.0,0.6886898944634504,12,182.0
1840.0,21,231.0,1.4807692307692308,8.419462959386633,1,32.0,0.0,0,8.0,0.9182045283646024,0,4.0,0.7464826939017531,0,12.0,0.7191960892850339,2,24.0,0.26458449712155085,0,13.0,0.9428136983897518,2,36.0,0.41237359540453783,3,48.0,0.5302109084073663,0,8.0,0.7830611743010443,8,185.0
1845.0,27,254.0,1.6178343949044587,8.453073702549142,1,41.0,0.7032484415022375,0,8.0,0.9523421136442266,2,8.0,0.5735630801502575,1,5.0,0.7621683744594306,1,6.0,0.49398557211525407,0,7.0,0.9629784685768203,2,56.0,0.5660085467441542,5,68.0,0.3037832683346213,0,8.0,0.8441956731841862,12,207.0
1850.0,23,218.0,1.3625,8.435002826699321,1,46.0,0.4851389327279589,0,8.0,0.8535758263012353,2,12.0,0.7164282226719035,1,14.0,0.7347443490469119,1,7.0,0.4714785187081861,0,9.0,0.9524775944065028,2,65.0,0.45725753755990506,4,31.0,0.24847206344416395,0,8.0,0.908357712405945,11,200.0
1855.0,23,242.0,1.4938271604938271,8.552823045896233,1,51.0,0.7445978680552561,1,10.0,0.6283610473465896,2,21.0,0.7357889734400155,0,14.0,0.7147619128909092,1,13.0,0.2545200493222877,0,24.0,0.9248108081446198,2,42.0,0.488893329105743,2,26.0,0.36678163878800457,0,33.0,0.6713240900040071,9,234.0
1860.0,26,260.0,1.6774193548387097,8.426987886213881,0,4.0,0.8616727178375652,0,8.0,0.969584110884517,3,33.0,0.5999148553325641,3,19.0,0.5456090627726252,0,4.0,0.6851864025735505,0,46.0,0.8222717549765776,0,25.0,0.7402159184626891,3,34.0,0.3822452265370086,2,50.0,0.601514313749091,11,223.0
1865.0,34,341.0,2.2287581699346406,8.03698318230587,0,4.0,0.642172858524963,0,8.0,0.7105965791640291,3,18.0,0.6628612660709617,5,40.0,0.2588451324943955,0,4.0,0.8810064573964501,0,8.0,0.8556015473112751,2,43.0,0.5017195749144909,2,11.0,0.32027049156133053,3,40.0,0.5436109949444213,15,176.0
1870.0,34,359.0,2.3161290322580643,7.611633764539399,2,7.0,0.2989066184257215,2,13.0,0.3062556781784424,1,13.0,0.7259799820772483,2,19.0,0.4000437346336835,0,4.0,0.8918143322770554,0,0.0,0.7601358330743693,3,56.0,0.4964744129745368,2,21.0,0.34942211108769516,1,25.0,0.4955996138815647,13,158.0
1875.0,30,369.0,2.396103896103896,7.77415831564557,2,11.0,0.2493851456015708,0,0.0,0.9436524198893008,1,6.0,0.7615006884973177,0,7.0,0.785018191446843,0,12.0,0.7489749237376553,0,21.0,0.9586358153338169,3,98.0,0.5703850886957337,3,34.0,0.23044598209999312,2,19.0,0.56857497859885,11,208.0
1880.0,41,517.0,3.335483870967742,7.809759339378404,2,18.0,0.2201270192472836,0,0.0,0.812048736391359,1,2.0,0.7507841375054021,1,3.0,0.6778179393890937,2,18.0,0.6596479212894076,0,9.0,0.8958196788831612,5,104.0,0.4360087900733201,1,25.0,0.6715476477776885,3,38.0,0.3317071309005726,15,217.0
1885.0,40,598.0,3.7848101265822787,7.680672802493579,2,24.0,0.45262290587357157,0,0.0,0.6565921748999332,1,6.0,0.7117615265331805,2,13.0,0.5763106948557576,3,36.0,0.5789117594778995,0,10.0,0.9455680159255911,8,116.0,0.22608528129382705,1,30.0,0.640701182245195,1,9.0,0.7547278372394947,18,244.0
1890.0,31,419.0,2.6024844720496896,7.508815034502559,1,18.0,0.6322460724485729,0,0.0,0.7557799879467874,3,14.0,0.22440448312791672,3,28.0,0.5473996067229212,2,28.0,0.3961303167262198,0,1.0,0.9910039141540335,5,149.0,0.2069245020275279,1,39.0,0.7987457097099906,0,27.0,0.6872683901883868,15,304.0
1895.0,24,335.0,2.080745341614907,7.927253213570513,1,9.0,0.6674357174465816,1,7.0,0.6349722398923725,0,0.0,0.9556024353136561,1,10.0,0.5866065264283317,3,14.0,0.6379545257871532,0,0.0,1.0,2,135.0,0.3071878432785764,1,5.0,0.6417804810597898,1,31.0,0.6573678590220696,10,211.0
1900.0,29,268.0,1.675,8.489840666614231,2,16.0,0.5708857827074242,1,12.0,0.30965446693107346,0,0.0,0.9814542470079701,2,12.0,0.7477195582693239,3,28.0,0.5868271935103119,0,49.0,0.4485651668967571,4,74.0,0.38138645914882197,3,11.0,0.64026503359664,2,33.0,0.49854659772486826,17,235.0
1905.0,27,283.0,1.7577639751552796,8.597313178719222,3,31.0,0.4878780659252975,1,9.0,0.4940572050470324,0,0.0,0.9429506260328249,2,31.0,0.7203279257971552,2,11.0,0.6214246896519141,0,0.0,0.9177423931344197,5,65.0,0.3483481378414907,3,30.0,0.5992520721657818,3,98.0,0.5588576441722058,19,275.0
1910.0,21,145.0,0.8950617283950617,8.58067866722159,4,44.0,0.45319461540263767,0,4.0,0.9251012026897321,0,0.0,0.970302298957211,0,19.0,0.694738263778183,2,18.0,0.7423170428140398,0,3.0,0.9981871656756425,1,35.0,0.42517808791233563,2,18.0,0.3822551795428173,4,198.0,0.38086994728504303,13,339.0
1915.0,21,146.0,0.9012345679012346,8.519778272829763,3,44.0,0.2250921998616513,0,4.0,0.9680505808801243,0,0.0,0.9307423943367491,1,13.0,0.6045309171308814,2,32.0,0.6867551039436612,0,3.0,0.9671494741299123,3,55.0,0.34231107603941563,2,25.0,0.4474547875685964,3,203.0,0.47267411792722064,14,379.0
1920.0,21,168.0,1.070063694267516,8.646886106930234,7,60.0,0.18279584820409853,0,8.0,0.9330764283412946,0,0.0,0.8152699397222657,2,20.0,0.6480862275424026,1,13.0,0.6118290205347855,0,0.0,1.0,2,23.0,0.33594694667040914,3,43.0,0.500652254616009,0,159.0,0.7816344986778535,15,326.0
1925.0,18,170.0,1.1111111111111112,8.943019196424956,6,53.0,0.21023773732420598,0,4.0,0.9772220057924788,0,0.0,0.7644895724682911,2,30.0,0.6930057146979534,2,17.0,0.5106871035423922,0,0.0,1.0,1,16.0,0.4651199778799966,3,50.0,0.5842075628838892,0,95.0,0.7758711390757055,14,265.0
1930.0,18,163.0,1.044871794871795,9.062926908690752,2,31.0,0.5000004558489982,0,4.0,0.9397804812211532,0,8.0,0.9543713886946188,1,17.0,0.7374612508355575,5,39.0,0.47466007639209074,0,0.0,1.0,1,21.0,0.0,3,66.0,0.5040261273653761,1,5.0,0.41836571382171855,13,191.0
1935.0,17,192.0,1.2467532467532467,8.978744615019801,2,42.0,0.49459246772073767,0,4.0,0.9147013182722679,0,8.0,0.9470705864893472,2,21.0,0.6839651735243873,1,20.0,0.4871983887437257,0,7.0,0.9636538473568566,0,0.0,0.6543165678261798,4,85.0,0.48697206537569104,2,12.0,0.44152604724665934,11,199.0
1940.0,24,268.0,1.7516339869281046,8.519824703289094,2,44.0,0.4468200862544128,0,4.0,0.9786854916906684,0,4.0,0.8402208960476475,5,47.0,0.39675254986583314,4,20.0,0.4287933019588419,0,7.0,0.9105033172322796,0,0.0,0.9875355639667251,4,105.0,0.5420324383887242,2,22.0,0.5680494061188388,17,253.0
1945.0,35,348.0,2.2745098039215685,7.746318524340239,4,68.0,0.2436805833685809,0,4.0,0.9377986324582099,1,9.0,0.7785137093548047,11,92.0,0.3083561777525698,5,42.0,0.3870734028796267,0,0.0,1.0,0,0.0,0.7793042315244177,5,125.0,0.38389524346135945,0,2.0,0.6851842022795568,26,342.0
1950.0,32,322.0,2.1466666666666665,6.920859768491132,5,85.0,0.26410657758224027,0,0.0,0.9411329197678653,3,21.0,0.6611884907989299,6,71.0,0.2979663109784371,4,35.0,0.35811725761100754,0,2.0,0.9680798297668844,1,4.0,0.6608730005757474,3,101.0,0.4552907602941071,3,54.0,0.5430330158425578,25,373.0
1955.0,25,211.0,1.3973509933774835,8.167618294481487,4,79.0,0.35736138245658466,0,0.0,0.9613564613848494,1,11.0,0.8538201216925349,1,46.0,0.2766380369588414,2,24.0,0.5590213177387089,0,0.0,1.0,2,12.0,0.36314597575507307,4,79.0,0.4023856397515688,4,73.0,0.5220034441075889,18,324.0
1960.0,26,294.0,1.9215686274509804,8.421886284706964,3,93.0,0.23865555841683703,0,0.0,0.8990921203983416,1,7.0,0.7943819437246908,2,24.0,0.5387057043611135,2,25.0,0.6157381912565987,0,61.0,0.9618141973284574,3,48.0,0.3536690843706002,5,83.0,0.45079557569889706,3,75.0,0.38364724723184673,19,416.0
1965.0,23,284.0,1.832258064516129,8.534094552897464,4,103.0,0.31006009439552973,0,0.0,0.9488342460282365,2,16.0,0.7537275960995833,2,25.0,0.6748351407690354,1,14.0,0.5638978980458599,0,0.0,1.0,0,24.0,0.7480211244281668,5,46.0,0.38328510966709234,2,29.0,0.528107882472988,16,257.0
1970.0,18,299.0,1.880503144654088,8.650173641122617,3,108.0,0.4473253249301545,0,0.0,0.9480163611810969,0,0.0,0.9516960693956911,2,34.0,0.6740099037602851,0,4.0,0.25384995489661305,0,0.0,1.0,0,45.0,0.5904533995192408,6,71.0,0.3565911280067375,2,24.0,0.6152604268018307,13,286.0
1975.0,20,277.0,1.7421383647798743,8.922502487874523,2,102.0,0.28999387523065595,0,0.0,0.6833821576401032,0,6.0,0.7658445310119831,2,44.0,0.6070077617638335,1,9.0,0.5334896744973212,0,0.0,1.0,1,49.0,0.6952730621228739,6,101.0,0.2911159303404446,3,114.0,0.5682611836247732,15,425.0
1980.0,20,244.0,1.564102564102564,8.522890974768611,4,119.0,0.00010103162127828369,1,5.0,0.460430167033109,3,10.0,0.5106150999882935,1,2.0,0.3021282821148769,0,4.0,0.8389787796045448,0,0.0,0.9249162658358776,1,9.0,0.5687177820999589,6,85.0,0.300960119901873,1,155.0,0.6443212388413908,17,389.0
1985.0,21,182.0,1.1895424836601307,8.597266973459114,3,70.0,0.14762915629961695,0,0.0,0.9892625919030886,0,2.0,0.9713917076825475,1,8.0,0.6859633798318662,0,4.0,0.9469307317206924,0,37.0,0.9255134660435764,6,28.0,0.3196221440809314,2,54.0,0.49205620873874356,2,206.0,0.43527088595310265,14,409.0
1990.0,25,187.0,1.2384105960264902,8.58043134452253,1,23.0,0.3728690495843693,0,0.0,0.9840159571225979,0,10.0,0.7917761331041065,1,13.0,0.7541196390836434,0,8.0,0.7967806514593925,0,47.0,0.8828230603208264,5,53.0,0.4214781249234083,3,43.0,0.4691010870930204,4,140.0,0.3765050910146587,14,337.0
1995.0,16,120.0,0.7792207792207793,8.81816386581306,2,22.0,0.44004907297260276,0,0.0,0.9532927560445241,1,8.0,0.7865296415809806,0,14.0,0.8689098625856465,0,8.0,0.7419494442731013,0,13.0,0.9832027199193929,2,36.0,0.5153911789593137,2,16.0,0.5771853930722759,2,81.0,0.5861969428514421,9,198.0
2000.0,16,139.0,0.8910256410256411,9.131946082080752,3,38.0,0.4997156918937523,0,4.0,0.8522635111283492,0,6.0,0.844462788761081,0,14.0,0.769599472925988,1,17.0,0.7126520646672659,0,3.0,0.9978853266526392,2,116.0,0.4644145449065524,3,22.0,0.5243687601118572,2,27.0,0.590850644260337,11,247.0
2005.0,18,163.0,1.0316455696202531,9.197237673563999,3,53.0,0.5190402757065701,1,8.0,0.6458868961414976,0,10.0,0.8945072308981293,1,3.0,0.6732738217729888,2,27.0,0.6433346463823093,0,0.0,1.0,4,122.0,0.4380117579260311,2,32.0,0.6734645835614952,2,41.0,0.5587139328777331,15,296.0
2010.0,20,187.0,1.2142857142857142,8.990634526929348,4,72.0,0.39736504859983124,1,13.0,0.49812724647087064,0,6.0,0.8916559482686333,1,8.0,0.6199378584301802,2,16.0,0.49372664210194356,0,0.0,1.0,5,122.0,0.4531985531837608,1,21.0,0.7944699957321274,2,30.0,0.5550826169955695,16,288.0
2015.0,20,155.0,0.9748427672955975,8.671631438604312,4,36.0,0.40101807423005975,0,4.0,0.9304169888738003,0,4.0,0.9375010592204085,1,25.0,0.7513152443505452,3,22.0,0.4571404213069318,0,0.0,1.0,3,80.0,0.4282314342325969,1,26.0,0.7154738606210325,2,15.0,0.6358953982159582,14,212.0
2020.0,28,245.0,1.5123456790123457,8.89240052332826,4,34.0,0.39001503099737317,0,4.0,0.9271369223897876,0,8.0,0.8818054773429596,1,26.0,0.7458592740797776,4,32.0,0.41410498747840735,0,0.0,1.0,6,56.0,0.3490635528926331,3,38.0,0.5295456061731493,4,32.0,0.45186839292868136,22,230.0
2025.0,31,321.0,1.9573170731707317,8.255960663189423,6,52.0,0.23363368873068735,0,0.0,0.31293932880251063,2,14.0,0.7475458710131088,2,30.0,0.4475355308738284,3,36.0,0.5128388139149019,0,0.0,1.0,5,64.0,0.2038680294786286,3,53.0,0.5056371869184053,3,16.0,0.4754718115147258,24,265.0
2030.0,20,189.0,1.1524390243902438,8.561271649966175,6,77.0,0.4103401029190682,0,4.0,0.5627229689622513,1,5.0,0.5452264227535013,3,47.0,0.5550700484919617,1,28.0,0.6540772234875932,0,0.0,1.0,2,53.0,0.5006884271380291,3,16.0,0.3182312487457364,1,41.0,0.5821024047626128,17,271.0
2035.0,23,181.0,1.117283950617284,8.186694862515592,3,92.0,0.4179628540992635,0,4.0,0.7982291381423965,4,21.0,0.3546028823558118,2,17.0,0.4804220999238403,2,15.0,0.39212966449436704,0,0.0,0.9326983276301118,3,45.0,0.4904601837278436,1,15.0,0.506470368494879,2,75.0,0.6836869674669238,17,284.0
2040.0,26,238.0,1.4691358024691359,8.617810941728884,5,83.0,0.4001608369439438,0,4.0,0.9621245566718248,5,43.0,0.27185049949085,2,17.0,0.5917679135009505,4,23.0,0.4217898003372561,0,0.0,0.329566088758638,2,24.0,0.5649275204688525,2,20.0,0.6310820235082989,0,69.0,0.8119927791772862,20,283.0
2045.0,21,207.0,1.2857142857142858,8.121350942028265,5,69.0,0.4513632775773335,0,4.0,0.925758502289759,2,18.0,0.014575250715023136,3,34.0,0.5273610710013564,0,22.0,0.6107152143956636,0,0.0,0.8516369814981402,1,10.0,0.5629764328753784,0,8.0,0.7629587684106043,1,68.0,0.45992394422497246,12,233.0
2050.0,25,221.0,1.3726708074534162,8.299078616135006,5,59.0,0.3126782466949907,0,4.0,0.9533764996897641,0,3.0,0.6809253655086086,1,18.0,0.7688443450384922,0,8.0,0.7651537014724026,0,0.0,0.959889837985641,3,20.0,0.40828723866577166,1,8.0,0.7981035205974439,3,76.0,0.4146147578649813,13,196.0
2055.0,25,251.0,1.5590062111801242,8.27625605256418,9,94.0,0.2800055387031236,0,4.0,0.9511190400241514,0,2.0,0.9361971711045255,0,8.0,0.8596144680949035,1,14.0,0.5599245740799217,0,0.0,1.0,4,83.0,0.45670181944858196,3,11.0,0.41657348095741786,1,77.0,0.651114742127543,18,293.0
2060.0,21,228.0,1.3987730061349692,8.465013920310616,9,115.0,0.3400614156764632,0,5.0,0.6327525849535894,0,0.0,0.8171940678246974,0,8.0,0.7749400992285862,4,27.0,0.4789646510715428,0,0.0,0.8952267865643935,0,49.0,0.6950248580395615,3,24.0,0.2076399700793523,0,74.0,0.8014010911838172,16,302.0
2065.0,22,248.0,1.5121951219512195,8.489061997724574,7,128.0,0.29314143823312017,0,5.0,0.8986901066672974,0,4.0,0.8999806707673609,1,16.0,0.6800458972876233,5,52.0,0.43415859748638375,0,0.0,0.9485921233880031,1,47.0,0.5254599125735756,1,17.0,0.5070776727582794,1,43.0,0.611811532704925,16,312.0
2070.0,30,363.0,2.2,8.447974981141185,8,127.0,0.24185630941008412,0,5.0,0.9396737550109586,0,4.0,0.9442898739659353,1,17.0,0.5688518679541426,4,51.0,0.3123810005270948,0,0.0,0.9253041125064113,2,60.0,0.47138945009940464,2,23.0,0.641972924288324,2,11.0,0.5360343195042058,19,298.0
2075.0,27,370.0,2.2289156626506026,8.635972544088588,8,144.0,0.24753099229908132,0,5.0,0.9548401658777989,0,4.0,0.952514975458937,2,23.0,0.1915702981137742,0,41.0,0.2417845266208471,0,1.0,0.9663051681725096,1,8.0,0.538187835139387,2,33.0,0.656566849331529,1,10.0,0.7492799691325125,14,269.0
2080.0,23,155.0,0.9337349397590361,8.667246810654056,5,145.0,0.33299931101217795,0,5.0,0.9479934270032916,0,29.0,0.8372331192811763,2,22.0,0.6353753925586659,0,7.0,0.4325439704513303,0,1.0,0.9538593714440082,1,7.0,0.504406091176329,2,12.0,0.5546549531305232,2,42.0,0.7177989137054571,12,270.0
2085.0,15,143.0,0.8719512195121951,8.941214298376112,2,101.0,0.2726393710864153,0,5.0,0.8418568329699125,0,4.0,0.9253693863418252,0,8.0,0.9023192917741734,0,0.0,0.7599405239353159,0,0.0,0.9418962906557128,3,43.0,0.2854329728171354,2,19.0,0.5354912131111645,2,66.0,0.6347978098701059,9,246.0
2090.0,23,203.0,1.2303030303030302,8.76679964684188,3,77.0,0.4158075551063185,1,7.0,0.48975306516498873,2,6.0,0.6561698060823973,0,12.0,0.7547510330247909,1,4.0,0.6263942566768529,0,0.0,0.9100873214350336,2,68.0,0.5167483414981486,4,31.0,0.40894024198575624,3,57.0,0.5899146221677039,16,262.0
2095.0,18,228.0,1.3818181818181818,7.946206307098311,3,60.0,0.4087393936559616,0,0.0,0.9741067517319765,2,6.0,0.7132263295942416,1,11.0,0.608991627177315,1,9.0,0.009146759225168829,0,0.0,0.9345659645398537,0,73.0,0.65241872979647,2,16.0,0.22259321279983157,1,25.0,0.6471719757214042,10,200.0
2100.0,19,204.0,1.2289156626506024,7.88042519442361,4,78.0,0.168882217478904,0,4.0,0.9585096219295974,1,9.0,0.7246113056870553,0,8.0,0.5231017129133574,2,23.0,0.1734375513755759,0,0.0,0.9338175158846725,2,92.0,0.48091930823801415,1,5.0,0.4732505840002917,4,21.0,0.4929535356806566,14,240.0
2105.0,23,219.0,1.343558282208589,8.58090159260485,5,93.0,0.2138333649807394,0,4.0,0.9626330819971114,2,30.0,0.6279816576170695,1,7.0,0.7148950761236192,1,18.0,0.6286643202458215,0,0.0,0.9186933815786181,4,118.0,0.4255736828783688,1,5.0,0.7111522579045416,3,13.0,0.626888984081518,17,288.0
2110.0,16,217.0,1.35625,8.845843454849724,5,115.0,0.3081820544519532,0,4.0,0.7514425865159706,1,7.0,0.6180287955313959,1,16.0,0.7441377923165343,0,8.0,0.9515117385637772,0,0.0,0.963084565308351,3,49.0,0.42247724316649604,1,18.0,0.7253492345743157,1,14.0,0.6400665992325527,12,231.0
2115.0,25,273.0,1.70625,8.877640609239318,4,81.0,0.4579969250784677,0,4.0,0.9515534204254289,1,2.0,0.7808720794861809,2,19.0,0.5863604499342042,0,8.0,0.8400144922599002,0,0.0,0.9657164467111161,3,38.0,0.4311327686317794,1,23.0,0.7553927875750241,4,27.0,0.3215838455253572,15,202.0
2120.0,18,300.0,1.875,8.995345859668125,3,79.0,0.46491543098124266,0,4.0,0.7403554999198064,1,11.0,0.6981242166450059,2,29.0,0.7037412480147363,0,0.0,0.6064298680610652,0,0.0,0.9391745044681209,3,27.0,0.4066866023005699,1,28.0,0.8301670295122094,2,27.0,0.4774066480693586,12,205.0
2125.0,24,357.0,2.2452830188679247,9.113063082025175,5,69.0,0.3751572240945263,0,4.0,0.6437465493202613,0,4.0,0.6496232186936256,3,39.0,0.5988124422913059,1,3.0,0.7248526231227258,0,0.0,0.9350456860495844,2,28.0,0.4810512433107961,3,42.0,0.48286151698777824,1,17.0,0.7400734399317945,15,206.0
2130.0,27,419.0,2.651898734177215,8.390382272428631,6,96.0,0.36783405669344693,0,4.0,0.9413113066250046,1,6.0,0.5967318107367829,1,3.0,0.6789654869483073,1,8.0,0.645962546794567,0,0.0,0.8508427119706043,2,44.0,0.6088796149462804,5,62.0,0.37434940215641793,1,21.0,0.6128736732185298,17,244.0
2135.0,34,471.0,2.9622641509433962,7.941952266231475,7,81.0,0.36095181625405864,0,4.0,0.9427035427332717,3,27.0,0.5938477129121462,4,12.0,0.3490799896353972,0,4.0,0.5883801636380076,0,34.0,0.9479607316015946,3,64.0,0.36069535000934944,7,97.0,0.3244739748630306,1,1.0,0.621463930221219,25,324.0
2140.0,41,582.0,3.6149068322981366,7.376088871820224,8,107.0,0.3139434218857211,0,4.0,0.8757105553013612,5,43.0,0.4820367819443311,6,39.0,0.12096609501860536,0,4.0,0.7154936021676624,0,3.0,0.9167895945945427,2,58.0,0.44618710437898135,7,94.0,0.22276685027236223,1,20.0,0.6975530805835818,29,372.0
2145.0,37,613.0,3.7607361963190185,7.385212470244475,9,140.0,0.2732671355461887,0,4.0,0.9686606737811698,7,76.0,0.44905632522411976,1,19.0,0.803246856527527,0,8.0,0.5615429768402573,0,3.0,0.9254604599491787,2,29.0,0.4272691617449313,2,84.0,0.4446048036418993,3,30.0,0.4405624377535862,24,393.0
2150.0,27,321.0,1.969325153374233,8.303683362187478,10,131.0,0.07405508121899762,0,4.0,0.9060129658193006,4,58.0,0.6764970055193342,1,11.0,0.8341650673524937,0,16.0,0.7699881555543281,0,0.0,0.9201542540180533,2,97.0,0.3101489243607517,3,65.0,0.33792375253623635,2,16.0,0.5480283149313394,22,398.0
2155.0,21,240.0,1.4906832298136645,9.363709719942054,6,138.0,0.19731662775520936,0,8.0,0.9478546404936372,0,26.0,0.8091563633800704,1,12.0,0.47576681637006324,0,16.0,0.9123688746593395,0,0.0,0.9927303324993287,1,11.0,0.6850727007281492,4,77.0,0.291971602978209,1,10.0,0.6940203022696236,13,298.0
2160.0,26,343.0,2.091463414634146,9.403057458579863,6,112.0,0.30781256192850476,0,4.0,0.9512652329454453,1,7.0,0.819880854554318,3,25.0,0.43528019042383465,0,12.0,0.8241893885555419,0,0.0,0.9617456241436082,1,6.0,0.7427943279037811,4,88.0,0.47126385506547297,1,10.0,0.5915113696732249,16,264.0
2165.0,27,378.0,2.290909090909091,8.256172847071308,6,114.0,0.15925206959565236,0,4.0,0.9678479450828964,2,5.0,0.5800039516436312,1,12.0,0.5226139297909957,2,14.0,0.4581135845901173,0,0.0,0.9546192478419113,2,54.0,0.4379264273216938,3,87.0,0.5986027400897034,0,4.0,0.9169509440135851,16,294.0
2170.0,28,340.0,2.0238095238095237,8.534761705206567,8,126.0,0.1913748782210682,0,4.0,0.9476418087011761,1,9.0,0.8064639748833251,1,5.0,0.5972800040241181,3,23.0,0.4140782169585061,0,0.0,0.9847252981520743,3,138.0,0.3024185478290106,4,104.0,0.5973442874288871,0,4.0,0.3545701159469414,20,413.0
2175.0,32,347.0,2.0532544378698225,8.362375650630186,10,126.0,0.2202429511507596,0,4.0,0.889343055422213,1,14.0,0.5672434573642333,1,11.0,0.5887739449531152,3,40.0,0.562816884015374,0,0.0,0.9290227287127071,2,163.0,0.4032921298178584,5,127.0,0.37123230499722637,2,13.0,0.4589365074641572,24,498.0
2180.0,33,393.0,2.3117647058823527,8.686282772278254,7,115.0,0.346634043643796,0,4.0,0.9189277828377739,1,9.0,0.650176546195701,1,9.0,0.8672862696179264,1,20.0,0.8130718644047623,0,7.0,0.9898816353705068,4,215.0,0.4094541992960571,7,160.0,0.3162900492220329,0,0.0,0.9399140365833915,21,539.0
2185.0,20,330.0,1.9411764705882353,8.46220459377008,3,113.0,0.27868822827547995,0,4.0,0.4814883040777559,1,9.0,0.6879131863152605,0,12.0,0.7039242999513874,0,4.0,0.462651969446403,0,7.0,0.9439316312067912,2,153.0,0.48109892493731127,7,174.0,0.27045740955928194,0,0.0,0.7519262880880817,13,476.0
2190.0,26,368.0,2.1775147928994083,8.673965590366473,5,90.0,0.16357267287931765,1,8.0,0.4694283256139958,1,10.0,0.4983650968548582,3,23.0,0.5090208277869117,3,15.0,0.2534376234139761,0,10.0,0.9529904383250245,1,143.0,0.6381206614792614,3,177.0,0.526941476916985,1,3.0,0.6503749108055288,18,479.0
2195.0,35,424.0,2.4508670520231215,8.119336270500428,7,84.0,0.10142468213563142,1,13.0,0.0,1,9.0,0.6968292581371234,2,9.0,0.6129160276776073,3,23.0,0.5435757009393763,0,10.0,0.9464070567895378,3,221.0,0.46725047187629787,4,177.0,0.554477503015508,2,10.0,0.3787631167352028,23,556.0
2200.0,26,226.0,1.3532934131736527,8.46673279325741,8,94.0,0.20773238967348495,0,0.0,1.0,0,0.0,0.9002569800737088,2,13.0,0.5292417978383106,0,22.0,0.7393192621034191,0,11.0,0.9721539644782077,2,109.0,0.5114884051589835,1,6.0,0.4911052483894286,1,5.0,0.7157731787825716,14,260.0
2205.0,27,260.0,1.6049382716049383,8.612913946171185,8,138.0,0.2782571532952404,0,0.0,1.0,0,0.0,0.8969358011723247,5,50.0,0.4008208732265057,0,12.0,0.803931336095642,0,11.0,0.9837579205629237,1,52.0,0.5055540119670041,2,23.0,0.4736055979073107,0,0.0,0.95645340258738,16,286.0
2210.0,26,248.0,1.55,8.619323070518055,7,141.0,0.324004912811879,0,0.0,0.9666680885465715,0,4.0,0.717002359992001,7,88.0,0.47446229650747124,1,14.0,0.5680526350686418,0,13.0,0.9312545613263636,2,71.0,0.3553562768128259,4,37.0,0.5995900598941988,0,0.0,0.8612728027124671,21,368.0
2215.0,23,159.0,0.99375,8.363268933212991,4,88.0,0.3372246633258962,0,0.0,0.9778284017704312,0,0.0,0.9323664130432113,6,59.0,0.3671062830965458,2,21.0,0.596703928557384,0,20.0,0.9384987882029562,1,6.0,0.3300692179855714,2,33.0,0.523892599831969,1,56.0,0.8039584060015194,16,283.0
2220.0,19,155.0,0.950920245398773,9.202152253827084,5,64.0,0.32095818100257884,0,0.0,1.0,0,0.0,0.943950403484646,2,56.0,0.47482830934030257,0,16.0,0.7659236032899668,0,20.0,0.960088748729787,1,8.0,0.5698317878624154,3,32.0,0.41319792180372816,1,70.0,0.7354731674110059,12,266.0
2225.0,18,133.0,0.8109756097560976,8.597210205332267,5,54.0,0.16451431815699377,0,0.0,1.0,0,4.0,0.8761662764934,1,41.0,0.5127751741771884,1,20.0,0.6342074334696194,0,25.0,0.9491462412274728,1,9.0,0.15398114442083466,3,35.0,0.28479027988947603,2,52.0,0.5899883281007132,13,240.0
2230.0,24,190.0,1.1585365853658536,8.988919486271385,2,56.0,0.29802875846317184,0,0.0,0.9624295414410444,1,10.0,0.6880977789453666,1,23.0,0.6572925124680793,3,27.0,0.6245014612980392,0,15.0,0.952903439529398,2,38.0,0.32504421820427937,3,46.0,0.5210995580664214,4,24.0,0.34324380361507356,16,239.0
2235.0,21,193.0,1.1626506024096386,8.959704764230034,2,27.0,0.377049872901063,0,0.0,0.9506580966480862,2,17.0,0.7691959689468045,1,27.0,0.7275474564089235,3,27.0,0.48032109317218197,0,7.0,0.7929900250208037,1,48.0,0.41132926969743666,2,47.0,0.620943343876131,5,59.0,0.4014736300040494,16,259.0
2240.0,22,146.0,0.863905325443787,8.99757585590087,4,26.0,0.12230409699764783,0,0.0,1.0,0,13.0,0.8731816839000416,2,24.0,0.5421164259536551,2,30.0,0.46402221708375596,0,0.0,0.9180361402936644,2,74.0,0.2863604330535842,2,69.0,0.6380993688168443,5,81.0,0.3584321213774811,17,317.0
2245.0,31,251.0,1.494047619047619,8.83700897549737,6,38.0,0.09815680191739141,0,0.0,1.0,1,8.0,0.8832452564911808,3,37.0,0.5878987908703786,2,22.0,0.5223172109048698,0,0.0,0.9377210826313023,3,74.0,0.47785381371457003,2,75.0,0.6563693774165678,9,124.0,0.1631120326222856,26,378.0
2250.0,30,305.0,1.8711656441717792,8.122813153297859,6,68.0,0.23694500735827717,0,0.0,0.9759991347826951,1,13.0,0.8339295294485269,5,45.0,0.5013099216066348,1,11.0,0.5189586989393173,0,0.0,0.9597551248494112,3,53.0,0.3970145729003449,2,85.0,0.6506940556975364,8,131.0,0.17783267496436864,26,406.0
2255.0,30,342.0,2.0727272727272728,8.056301557014928,5,83.0,0.343423138917181,0,4.0,0.9193432588833234,3,21.0,0.6864188419568267,8,81.0,0.2906792917279629,4,25.0,0.3313817090831553,0,6.0,0.9338122421523151,1,48.0,0.4389290998291292,2,91.0,0.5555968716160131,3,114.0,0.4511461122480364,26,473.0
2260.0,29,368.0,2.216867469879518,8.127599973231924,1,58.0,0.515951897315484,0,4.0,0.9495940222967116,4,34.0,0.6338036026985201,6,71.0,0.465750850203814,7,53.0,0.3531209013494922,0,27.0,0.9476373938111028,3,51.0,0.33040599802568243,2,97.0,0.5982573228607491,3,79.0,0.4755871213455531,26,474.0
2265.0,23,210.0,1.242603550295858,7.975564032546884,3,35.0,0.31597183002635204,0,4.0,0.9112996840659331,2,12.0,0.4734135269814573,2,36.0,0.23400767796152944,7,67.0,0.42672291067743695,0,21.0,0.8724792311450582,2,13.0,0.44268548646517447,1,5.0,0.7248887704086,4,101.0,0.46250131497014885,21,294.0
2270.0,23,210.0,1.2280701754385965,8.535407834295597,3,30.0,0.5291971297138971,0,4.0,0.9504351175209287,1,6.0,0.35649005054494737,5,33.0,0.31868058750394956,5,73.0,0.3772375333282844,0,0.0,0.5866004112763487,3,37.0,0.5041058735764021,2,8.0,0.5058902455521694,4,122.0,0.5459433899386948,23,313.0
2275.0,25,183.0,1.0828402366863905,8.776882794074934,1,31.0,0.6307680620712885,0,4.0,0.9066734475205688,3,23.0,0.37446910656890786,3,26.0,0.5586957578770757,3,65.0,0.37873857372218445,0,0.0,0.9469084031037374,4,62.0,0.5246556573324356,4,21.0,0.4299492858426403,4,63.0,0.3967940402269146,22,295.0
2280.0,15,92.0,0.5476190476190477,8.589840023089431,2,20.0,0.48673483058541894,0,4.0,0.5622696643117004,1,12.0,0.2975340480939789,0,1.0,0.7506150729131652,2,52.0,0.3454476757663953,0,2.0,0.904116162598113,2,28.0,0.5996636385725976,3,21.0,0.5042840461249857,1,23.0,0.36396604382480713,11,163.0
2285.0,27,161.0,0.9583333333333334,8.19788124106137,1,21.0,0.6656199814697988,2,9.0,0.33311090243781216,2,13.0,0.00441108820526013,2,11.0,0.43625561463509194,4,64.0,0.36232000444251633,0,2.0,0.9678359621506774,0,8.0,0.522914116334153,5,42.0,0.4411112819772212,3,30.0,0.020959364034077513,19,200.0
2290.0,33,294.0,1.719298245614035,7.998552527890568,1,26.0,0.3300696325805902,2,19.0,0.32510349604934113,3,35.0,0.3335612772525057,2,13.0,0.621310961238866,6,101.0,0.44111545526730495,0,0.0,0.9593438666271453,2,26.0,0.5407354218941999,5,67.0,0.40564562615728017,1,10.0,0.6130385413892399,22,297.0
2295.0,30,251.0,1.4678362573099415,7.847246333790252,7,52.0,0.12265607521537962,0,8.0,0.7392409206527003,1,21.0,0.5377858027895147,1,7.0,0.7410171798828655,4,91.0,0.5354795225650344,0,0.0,1.0,1,21.0,0.5336950819890663,6,55.0,0.3477704134758481,0,0.0,0.8535218686435494,20,255.0
2300.0,22,144.0,0.8323699421965318,8.469178485450964,8,55.0,0.11857943986520277,0,4.0,0.9393524137387838,0,8.0,0.7542481923017051,1,12.0,0.7914100948756744,2,77.0,0.3771947663813053,0,0.0,1.0,1,19.0,0.48308116843099297,1,36.0,0.41526499715274406,0,0.0,0.6429118261921328,13,211.0
2305.0,27,244.0,1.4269005847953216,8.92139075294959,5,67.0,0.2704845958282346,0,4.0,0.9625210858291998,0,4.0,0.9214046679792585,1,19.0,0.7861337433016703,3,30.0,0.44583802844533404,0,0.0,0.931128818230746,1,48.0,0.5382955176123758,4,28.0,0.33363723224913616,0,4.0,0.828210520935949,14,204.0
2310.0,19,193.0,1.1696969696969697,9.056873767425115,5,93.0,0.36050032323406217,0,4.0,0.9519019467511942,0,4.0,0.9344577915403333,2,21.0,0.6968946515889877,4,44.0,0.48112114387963323,0,0.0,1.0,0,39.0,0.754942159653548,3,32.0,0.4618985881863642,0,4.0,0.72533468922675,14,241.0
2315.0,23,221.0,1.3641975308641976,9.177526107710085,5,98.0,0.42384956347277997,0,4.0,0.94327692118881,0,4.0,0.9525943861416712,4,36.0,0.6008101373792871,4,64.0,0.5548548455426342,0,0.0,1.0,1,76.0,0.5099744252321764,3,17.0,0.2875901595295616,2,29.0,0.6516399548269264,19,328.0
2320.0,23,162.0,0.9938650306748467,8.680749887555848,3,92.0,0.29127829352383344,0,4.0,0.9394773002688906,0,2.0,0.9241698234360419,3,19.0,0.5542152105512206,2,44.0,0.583777488393602,0,15.0,0.9965240839297334,2,84.0,0.5579608687429902,3,24.0,0.3503111531321369,3,61.0,0.4761472850749498,16,345.0
2325.0,25,183.0,1.1582278481012658,7.9942022680136,6,49.0,0.2931449258951822,0,0.0,0.9956037103876434,0,0.0,0.8175804239349311,1,15.0,0.5002016681999624,1,30.0,0.3619215161194557,0,27.0,0.8603612470098376,2,117.0,0.3870194555611437,4,38.0,0.32943498682148803,3,62.0,0.4046660128532354,17,338.0
2330.0,22,156.0,1.0,8.22647917465395,4,35.0,0.3262872847187257,0,4.0,0.5624065352149937,0,0.0,0.8077796727167573,4,31.0,0.2404533723692146,5,29.0,0.4759234312955625,0,0.0,1.0,1,80.0,0.4760582172014618,3,27.0,0.383291191475709,0,59.0,0.5945782152194609,17,265.0
2335.0,25,194.0,1.2597402597402598,8.368280239862578,4,45.0,0.3148837753396351,1,12.0,0.6117057334455485,3,6.0,0.4650705235224056,2,28.0,0.42379603461732374,5,58.0,0.5187376650767519,0,0.0,1.0,2,72.0,0.5036365037473749,4,43.0,0.25068273274231406,1,40.0,0.575474694759519,22,304.0
2340.0,26,231.0,1.5098039215686274,7.829207139580369,5,66.0,0.1710689477352693,1,17.0,0.6369031521943725,3,25.0,0.625566744767462,0,10.0,0.7179112935987828,4,51.0,0.3929313052474602,0,23.0,0.6605018191157535,2,27.0,0.3548670983465824,4,63.0,0.4225088025602375,2,29.0,0.5396212272927396,21,311.0
2345.0,18,142.0,0.9594594594594594,8.04051022029954,5,82.0,0.18199662491923926,0,8.0,0.9670447509855628,0,0.0,0.828284737818974,1,5.0,0.6754505844874606,3,49.0,0.3799437570103434,0,0.0,0.9303534046409954,1,31.0,0.234631449580496,1,11.0,0.7910384561481106,2,35.0,0.44948254106923047,13,221.0
2350.0,17,126.0,0.8344370860927153,8.757309332785427,3,69.0,0.44479794241062354,0,8.0,0.9177423840037613,2,4.0,0.717259878164043,1,10.0,0.7419170540285894,3,37.0,0.2618001143945913,0,0.0,0.8309581346173013,2,90.0,0.5093196913066816,1,20.0,0.5705131131655473,0,5.0,0.42473829983862893,12,243.0
2355.0,19,170.0,1.118421052631579,8.987548712140905,3,68.0,0.40524840622398994,0,8.0,0.9422990346795701,2,14.0,0.7505346623094392,1,15.0,0.8519007054575533,3,30.0,0.4107619137509531,0,0.0,0.730535595250817,0,68.0,0.8537188377410869,4,36.0,0.5630810870857542,2,16.0,0.5801666815184521,15,255.0
2360.0,20,153.0,0.9745222929936306,8.420691118867882,5,41.0,0.2879193682647653,0,8.0,0.8999533433682485,0,0.0,0.6702397202480446,2,21.0,0.6496255577968884,2,24.0,0.6506243496551399,0,0.0,0.7946489943731893,2,50.0,0.49658216089883733,4,42.0,0.3288983087811751,2,23.0,0.6626703883970115,17,209.0
2365.0,25,210.0,1.320754716981132,8.464981168102808,5,49.0,0.4083292238945091,0,8.0,0.5447970883502165,1,8.0,0.7807360251276454,2,15.0,0.3638725913648595,2,26.0,0.6236758010392055,0,8.0,0.8863974318102047,4,56.0,0.46623034907719846,3,48.0,0.4253380006194967,1,18.0,0.6469362234195041,18,236.0
2370.0,29,260.0,1.6666666666666667,8.042929148903044,5,78.0,0.3937879601421094,2,13.0,0.00036541100379136317,1,39.0,0.6970133376760612,4,19.0,0.18274846110110882,2,20.0,0.6211437058143396,0,0.0,1.0,3,23.0,0.41394830391574633,3,60.0,0.23557773653771977,0,6.0,0.48368131980734924,20,258.0
2375.0,30,257.0,1.6688311688311688,8.120711536537682,3,52.0,0.4416464539392297,1,11.0,0.48497195444168734,2,46.0,0.5648638037939243,5,48.0,0.34091504475113416,2,13.0,0.622494671524855,0,0.0,1.0,1,12.0,0.43030489275003064,3,26.0,0.3885564083694616,3,16.0,0.36038511124924016,20,224.0
2380.0,23,190.0,1.2418300653594772,8.047235391256216,4,56.0,0.1421274885278777,0,0.0,0.4356246506391144,0,9.0,0.869449730448311,1,16.0,0.7681290331873476,2,27.0,0.6015064204892453,0,0.0,0.9420243824788381,3,15.0,0.3988029294619963,2,10.0,0.2591555650147034,1,10.0,0.7368974723617178,13,143.0
2385.0,20,193.0,1.2532467532467533,8.468232623046012,6,80.0,0.09174211907898301,1,3.0,0.06479026940861692,0,5.0,0.801571855658948,1,12.0,0.8496806504647297,1,21.0,0.6542178346767197,0,0.0,1.0,2,43.0,0.39353022383929576,4,31.0,0.303061307606462,0,4.0,0.7922453585070734,15,199.0
2390.0,16,157.0,1.026143790849673,8.625283948066938,5,90.0,0.3806437898500995,0,0.0,0.8958975286910134,1,9.0,0.8121790424175191,1,15.0,0.6592614742965529,2,10.0,0.5967721281258939,0,1.0,0.9248155665191565,3,134.0,0.5642519195174309,1,16.0,0.711229321635047,1,6.0,0.6095132932622381,14,281.0
2395.0,18,120.0,0.7741935483870968,8.41960103932303,3,78.0,0.4669108131107574,0,0.0,0.9363495066813585,0,1.0,0.9002561182268503,3,27.0,0.5146980162172068,3,34.0,0.33297279133418445,0,1.0,0.9668864775176311,4,141.0,0.5435952488092679,1,21.0,0.7912091986320865,2,9.0,0.5665866584762913,16,312.0
2400.0,20,155.0,0.9872611464968153,8.306382197465972,5,64.0,0.33404720574124536,0,0.0,1.0,0,5.0,0.8416504520795598,4,23.0,0.38373300441281016,5,53.0,0.3174297581134863,0,0.0,1.0,2,101.0,0.21044333323377998,1,5.0,0.6935987650525879,1,10.0,0.7187405607193826,18,261.0
2405.0,24,201.0,1.2884615384615385,8.283400108471302,6,91.0,0.28241719683999744,0,0.0,1.0,2,12.0,0.5867496403801635,2,32.0,0.4098779706868515,4,64.0,0.48168256994488917,0,2.0,0.9722702623815422,2,194.0,0.461775720328864,2,7.0,0.6104735995592779,2,16.0,0.5433515873883574,20,418.0
2410.0,21,181.0,1.1602564102564104,7.974794863809411,4,74.0,0.32015161450777524,0,0.0,0.9740582390749036,2,15.0,0.4029437521002154,3,42.0,0.5754210868121715,0,48.0,0.5003796654968501,0,2.0,0.9923069044140203,4,220.0,0.4128303411686284,2,17.0,0.5971760667892391,0,0.0,0.6993101046626632,15,418.0
2415.0,21,229.0,1.440251572327044,8.610534220116165,4,86.0,0.2697706906889767,0,0.0,0.9014258667013154,0,12.0,0.8349232387300108,2,10.0,0.542693583329688,0,10.0,0.7273078805694035,0,0.0,0.9508508403819317,4,227.0,0.33702300186647693,3,34.0,0.5155814519725234,1,9.0,0.632737186350026,14,388.0
2420.0,20,256.0,1.6842105263157894,8.690123637832087,5,114.0,0.31312488758005697,0,0.0,0.9617931098948611,0,4.0,0.9258405243975092,1,22.0,0.7551538783036903,0,8.0,0.7107273992028874,0,0.0,0.9445077470905882,4,149.0,0.2859026741685773,1,23.0,0.40612662094392404,1,10.0,0.7039664160857294,12,330.0
2425.0,21,235.0,1.4968152866242037,8.833103041061428,5,129.0,0.2334884440712192,0,0.0,0.9595239084410428,0,0.0,0.8801188245515331,3,49.0,0.651100584423149,1,10.0,0.6706635400870061,0,0.0,0.9052617006766205,2,83.0,0.46667577489313244,2,31.0,0.49261510963898913,1,3.0,0.5924885110328042,14,305.0
2430.0,26,280.0,1.78343949044586,9.130105617196406,5,133.0,0.15452407549909264,0,0.0,0.960080789117838,1,5.0,0.8228896200650229,3,60.0,0.5919811130732487,1,12.0,0.5087803668759139,0,0.0,0.9620812514787859,2,84.0,0.4777229532317773,2,41.0,0.5847070903551015,2,15.0,0.5660011254187421,16,350.0
2435.0,24,286.0,1.8571428571428572,8.943843270447315,5,144.0,0.06451738952051925,0,0.0,0.7573321434743847,1,10.0,0.8490847680322425,4,47.0,0.32664288374752376,2,16.0,0.6354646116947086,0,0.0,0.9748755703723164,2,61.0,0.4992412048938026,2,51.0,0.5595474076482169,2,22.0,0.630196840882305,18,351.0
2440.0,24,281.0,1.7898089171974523,9.134572962711665,4,102.0,0.44769372599971957,1,3.0,0.6391378243260821,0,4.0,0.8257450252968429,4,49.0,0.46652149362792966,0,2.0,0.8177708695527343,0,0.0,1.0,3,96.0,0.4221803636049568,2,61.0,0.3677224774753598,3,59.0,0.4727073584233641,17,376.0
2445.0,23,221.0,1.389937106918239,8.345641972546874,4,56.0,0.29404756858561404,1,8.0,0.6181209573537032,1,5.0,0.6732929786836758,6,75.0,0.4914540564794137,0,0.0,0.7953122545315976,0,0.0,0.5412882179055002,4,110.0,0.41398417528321974,0,0.0,0.08054323992857808,0,30.0,0.4859869358711451,16,284.0
2450.0,24,228.0,1.4339622641509433,8.580740038759318,5,75.0,0.32362378956352306,1,13.0,0.4784659117887089,2,19.0,0.7566061402900509,3,57.0,0.48135191366448526,0,4.0,0.8058727319624517,0,0.0,0.9683890012964899,4,101.0,0.37319997950464795,2,18.0,0.5767177021776229,2,60.0,0.49823699050845044,19,347.0
2455.0,24,238.0,1.576158940397351,8.309182279802185,9,114.0,0.257022682764921,1,18.0,0.0,1,6.0,0.6634501758607929,2,28.0,0.6824946649782747,0,4.0,0.8387563266522374,0,0.0,1.0,4,111.0,0.27029332531893824,2,18.0,0.6365633014751596,3,74.0,0.3547111273213348,22,373.0
2460.0,27,309.0,2.0463576158940397,8.638999751086821,11,164.0,0.1957509528723945,0,0.0,1.0,1,29.0,0.7311839907737889,2,19.0,0.4471086256044923,2,6.0,0.6213066344490926,0,4.0,0.9493002936024223,5,104.0,0.39560760401614803,1,14.0,0.7444123404459684,1,45.0,0.4887744047847582,23,385.0
2465.0,28,420.0,2.7096774193548385,8.483953973029351,12,222.0,0.25252028980302876,0,0.0,1.0,1,9.0,0.774034583264776,2,8.0,0.3964200964402691,2,19.0,0.48343252553803534,0,5.0,0.9045092459500763,5,110.0,0.41491822655477906,1,23.0,0.6211818440822918,0,42.0,0.4692696483233354,23,438.0
2470.0,25,375.0,2.450980392156863,7.832261984315139,11,202.0,0.1868333574563253,0,0.0,0.949500787009981,0,4.0,0.8253807633789559,1,3.0,0.5784965751189125,1,13.0,0.6356431977880109,0,1.0,0.9539389963581982,4,105.0,0.43904333758274566,3,14.0,0.34051874388949377,1,8.0,0.5687507715718879,21,350.0
2475.0,18,192.0,1.263157894736842,8.71759748618729,4,153.0,0.30228879402775644,0,0.0,0.9353597584036832,1,8.0,0.8108894019886366,2,10.0,0.5266167809982206,1,8.0,0.6469014461996271,0,12.0,0.9426757218388226,4,55.0,0.3491602193664107,1,12.0,0.6278021607771621,1,41.0,0.694955177390888,14,299.0
2480.0,23,288.0,1.8823529411764706,9.182428394634368,5,74.0,0.3397539838627578,0,0.0,0.9470213184201003,2,14.0,0.5218307093304279,0,4.0,0.8885947309854177,2,14.0,0.5114165812949386,0,0.0,0.9760125242919184,6,79.0,0.25864465090251193,2,22.0,0.6523860474307599,1,42.0,0.46011487745555235,18,249.0
2485.0,22,332.0,2.1699346405228757,9.279796212525621,6,85.0,0.07454350296302815,0,0.0,0.9475518371923447,1,9.0,0.8052907189733313,0,0.0,0.7820222566742479,0,4.0,0.8338536498836063,0,0.0,0.9220298065835328,6,86.0,0.2898061715563398,3,37.0,0.5905646785948337,1,23.0,0.4836704480984312,17,244.0
2490.0,18,308.0,2.0,8.927347684060608,5,104.0,0.18769378769384193,0,0.0,0.9645854454188357,0,8.0,0.9575542398902752,0,8.0,0.7984903953260506,1,8.0,0.6194253228780804,0,0.0,1.0,4,66.0,0.29327761118029594,3,22.0,0.322873646684906,0,0.0,0.8486885985633205,13,216.0
2495.0,22,292.0,1.972972972972973,9.177904619438085,5,122.0,0.3727680879703265,0,0.0,0.9515167503475864,0,8.0,0.8077738797641355,0,4.0,0.926886639960902,2,21.0,0.4734687204217756,0,0.0,1.0,5,69.0,0.3232292908293435,6,49.0,0.19631330145855524,0,4.0,0.8939977906583445,18,277.0
2500.0,22,234.0,1.5918367346938775,8.470794706372729,4,101.0,0.47464452306624644,0,0.0,0.9827722065358027,0,4.0,0.7909809500720593,0,5.0,0.8245313805824227,2,20.0,0.4481868432069303,0,0.0,0.48218933925421276,4,134.0,0.24999193011425527,7,83.0,0.36901521022632183,2,7.0,0.6977102542924817,19,354.0
2505.0,20,150.0,1.0416666666666667,8.546778833946105,2,46.0,0.549559268756148,0,0.0,0.95398552398828,3,10.0,0.5951494844581992,1,7.0,0.6793741518176412,0,15.0,0.6121274915023699,0,0.0,0.9541949050143052,3,159.0,0.3591307918552779,5,57.0,0.40807009322573295,2,42.0,0.4479181655494643,16,336.0
2510.0,22,180.0,1.2328767123287672,8.44001448040085,4,60.0,0.5001426451030804,0,0.0,0.9172062704670358,3,29.0,0.5384060036979451,1,11.0,0.7232684922799423,0,12.0,0.6195451153750552,0,0.0,0.9673798625154792,4,160.0,0.37498505204905813,5,47.0,0.2735033165775529,3,48.0,0.3350427395927761,20,367.0
2515.0,29,238.0,1.6413793103448275,8.087016832472273,5,57.0,0.36265069995710625,0,0.0,0.5706811215092276,1,7.0,0.6982749337756198,4,34.0,0.6538842043588029,2,18.0,0.5410354000121657,0,0.0,0.9559913979482615,5,176.0,0.17149382305925517,6,78.0,0.22748197120947378,4,92.0,0.4151305108567291,27,462.0
2520.0,30,300.0,2.0408163265306123,7.81966067820924,5,53.0,0.32786224459605057,0,0.0,0.9700343881196614,0,8.0,0.8801282342474978,5,41.0,0.5326748877753036,1,22.0,0.751728287371049,0,0.0,1.0,7,209.0,0.11336133803298883,6,98.0,0.4543768428337599,5,101.0,0.4529343409911182,29,532.0
2525.0,32,377.0,2.5472972972972974,8.0593396613875,7,74.0,0.1349452424302494,0,0.0,0.9988721008277798,2,9.0,0.6971960961194561,6,50.0,0.25983524593539964,1,33.0,0.6221234832730693,0,0.0,1.0,8,248.0,0.03758998545763589,4,112.0,0.6058965439861054,3,58.0,0.33282409032324345,31,584.0
2530.0,35,461.0,3.0939597315436242,7.910186291712261,7,94.0,0.21751121873772133,0,0.0,0.9676096938652956,1,11.0,0.7828483295376615,10,89.0,0.24268458468039628,2,32.0,0.515052709621001,0,0.0,1.0,5,205.0,0.3153383698705903,5,137.0,0.5356892692676767,5,79.0,0.3408107260027522,35,647.0
2535.0,26,336.0,2.317241379310345,8.031853013500983,3,95.0,0.331410217148246,0,0.0,0.9459432419353185,1,5.0,0.7893473714581029,7,71.0,0.0956099354678909,3,19.0,0.5531821260381016,0,0.0,1.0,0,130.0,0.5442587676148984,5,157.0,0.35873760916416014,6,109.0,0.2786321991527411,25,586.0
2540.0,20,322.0,2.236111111111111,8.404206793038632,3,75.0,0.396942376511428,0,0.0,0.5424493976421043,1,14.0,0.7815388791966974,0,30.0,0.5348052391989084,2,14.0,0.4980412745270283,0,0.0,0.9370134197801927,0,4.0,0.7184056602108257,7,188.0,0.3184155236781978,5,112.0,0.31742919771174044,18,437.0
2545.0,22,385.0,2.619047619047619,8.994841637873577,4,55.0,0.34551656382011076,2,6.0,0.3823213344396576,0,0.0,0.4644659338805959,0,4.0,0.7642399742306413,3,32.0,0.6195690480149703,0,0.0,0.9605167650813334,1,3.0,0.39364218241355947,6,215.0,0.3267955915266465,3,87.0,0.5171876185754346,19,402.0
2550.0,23,315.0,2.1575342465753424,8.617946033730115,4,72.0,0.2913827325802512,1,7.0,0.7063166764033499,2,8.0,0.356970461947815,1,13.0,0.798918974943598,1,20.0,0.7013842597048193,0,0.0,1.0,3,21.0,0.43537397999442984,4,83.0,0.45259929339109756,3,97.0,0.2814844057937809,19,321.0
2555.0,15,243.0,1.6308724832214765,9.29354094050521,4,71.0,0.15610143283036568,0,0.0,0.7970529107458766,2,21.0,0.50709703259866,1,14.0,0.49447789559327404,1,11.0,0.5925753372301523,0,0.0,0.8403778769173544,1,29.0,0.440615788164333,2,42.0,0.5015351791165006,3,101.0,0.18533466718405958,14,289.0
2560.0,20,288.0,1.945945945945946,8.964639118259267,2,74.0,0.2954914184763318,0,0.0,0.9580062004065147,0,4.0,0.9598536568075765,2,23.0,0.4546049494276432,4,29.0,0.5162346426104267,0,0.0,0.972800429759322,1,13.0,0.42332492891439416,4,44.0,0.37060521932191076,4,125.0,0.3206857550846632,17,312.0
2565.0,20,344.0,2.324324324324324,8.515438064259897,2,85.0,0.4747015849250547,1,2.0,0.48659103433900747,0,4.0,0.7672292245962414,2,33.0,0.5039019522831525,5,44.0,0.4303274192672205,0,2.0,0.978503474956003,1,12.0,0.46345001394253654,4,65.0,0.4771471033565106,4,141.0,0.426039860729382,19,388.0
2570.0,22,391.0,2.6598639455782314,8.16729856239036,2,94.0,0.4324541697840784,0,0.0,0.9370663509242853,1,11.0,0.7816196638256119,2,44.0,0.5587385644199034,2,50.0,0.2970039142517197,0,1.0,0.9431047135786871,5,55.0,0.2758570750625081,4,82.0,0.42486269195109805,3,145.0,0.5004345389707369,19,482.0
2575.0,19,435.0,2.9794520547945207,8.812081781438396,3,104.0,0.4438434720248702,0,0.0,0.9603942999680333,0,8.0,0.8428832061385447,2,50.0,0.6205315602654288,3,31.0,0.38274735945203026,0,0.0,0.9370894181043914,3,45.0,0.40566316913207184,4,102.0,0.29061164487351954,3,148.0,0.5543548509131204,18,488.0
2580.0,20,399.0,2.695945945945946,8.781779730937359,5,123.0,0.2015837927778233,1,1.0,0.5551707910271864,0,4.0,0.9228017322118522,1,25.0,0.6661554389085934,3,38.0,0.5353604618063453,0,0.0,0.9172298209107915,0,17.0,0.548512331877883,6,61.0,0.2835066145813927,4,159.0,0.4131393013191323,20,428.0
2585.0,23,365.0,2.4662162162162162,8.99606078726303,6,144.0,0.20443995034320006,2,9.0,0.3088946852847406,1,13.0,0.8609603052745728,1,10.0,0.6977638547742102,1,24.0,0.5272005182740921,0,12.0,0.9851906405062362,2,13.0,0.4020723992131048,4,29.0,0.388121365750127,4,173.0,0.4017280130603288,21,427.0
2590.0,26,410.0,2.751677852348993,8.632545124509257,3,153.0,0.23414036050346945,2,11.0,0.21697205783617438,2,10.0,0.5126024204707623,3,18.0,0.5226056822296733,3,20.0,0.4923129167818636,0,12.0,0.9457587935960577,1,8.0,0.4721141136619721,5,52.0,0.3118226291180971,6,200.0,0.31454049241831034,25,484.0
2595.0,31,484.0,3.292517006802721,7.946515318770196,3,156.0,0.35483883050318926,1,2.0,0.4834892715731527,4,27.0,0.5296187164274636,6,27.0,0.30215436747179153,5,37.0,0.4793740638518284,0,0.0,0.99450107068936,0,0.0,0.5677149467327735,4,37.0,0.25107876117480793,6,230.0,0.15644316470810601,29,516.0
2600.0,27,468.0,3.2054794520547945,8.670734005500695,5,104.0,0.1924278163559268,1,7.0,0.4853099612505673,4,47.0,0.5056986794451339,3,18.0,0.11300800857740205,3,44.0,0.38034026827271666,0,0.0,1.0,1,4.0,0.7262906877165587,3,33.0,0.44002765171953956,5,233.0,0.004789619806131573,25,490.0
2605.0,22,392.0,2.6666666666666665,8.786258665045006,6,63.0,0.3881797075059456,1,12.0,0.06938260926909481,1,18.0,0.7729704766817721,3,28.0,0.2734282900850782,2,34.0,0.5783057654799427,0,10.0,0.9493193469680041,0,0.0,0.5628178999229656,3,52.0,0.440736100743671,5,242.0,0.1190711977574621,21,459.0
2610.0,22,446.0,2.973333333333333,9.0878531665923,7,85.0,0.36887175382955617,0,4.0,0.9104774696740546,0,0.0,0.9061744955407877,1,16.0,0.5808658843295882,2,31.0,0.7254655213827275,0,10.0,0.919342300515528,1,7.0,0.5740318124536148,4,64.0,0.4625988001516909,5,267.0,0.1609600162246436,20,484.0
2615.0,19,356.0,2.357615894039735,9.04231047740021,8,86.0,0.18491466345224936,0,4.0,0.9685062426756929,0,0.0,0.9488714384977788,0,4.0,0.9670642980023205,2,24.0,0.5650133504366186,0,0.0,0.9891036990295022,1,16.0,0.7544041689300401,2,63.0,0.5599908656365498,3,169.0,0.3666643848276795,16,366.0
2620.0,18,192.0,1.2549019607843137,9.181631147095473,4,78.0,0.25769381382827344,0,4.0,0.9496839033383171,0,0.0,0.9470708854032962,1,6.0,0.6729683666927854,3,19.0,0.47114706278886775,0,0.0,0.9929759242136986,0,8.0,0.8528132536573553,5,80.0,0.40778814390281054,0,70.0,0.6072804720974939,13,265.0
2625.0,27,311.0,2.0460526315789473,8.648835902405393,5,87.0,0.20392818431800067,0,4.0,0.9408504903364552,0,0.0,0.9494905894640132,3,22.0,0.4533183925140315,5,40.0,0.3414685173403235,0,0.0,0.9540016080570812,1,14.0,0.4463149086187965,6,106.0,0.2720830948929266,1,17.0,0.6973998143104571,21,290.0
2630.0,31,353.0,2.30718954248366,8.764465695784969,6,83.0,0.2160437149131651,0,4.0,0.9684749222178975,0,4.0,0.8326822127068875,2,11.0,0.5620408630448753,6,67.0,0.37316869215816223,0,10.0,0.9656966019696185,3,27.0,0.38531343455148803,7,140.0,0.24885019575575332,2,12.0,0.6133636866507777,26,358.0
2635.0,17,119.0,0.7777777777777778,8.367351331076264,2,58.0,0.2875488774261302,0,4.0,0.9388751300473599,0,0.0,0.9620613865692711,1,8.0,0.6423614349080846,3,41.0,0.48535452699252063,0,10.0,0.9419999973792047,1,14.0,0.34842925126976265,5,63.0,0.3126908633897646,2,18.0,0.4767026469301136,14,216.0
2640.0,21,136.0,0.8947368421052632,8.39192385465227,2,32.0,0.43470988701449803,0,4.0,0.9224360517779173,1,2.0,0.6336872193577312,1,13.0,0.5734385909073577,1,19.0,0.19509889823833898,0,14.0,0.6664494653141648,2,37.0,0.5315076218904526,4,74.0,0.3799621677814086,4,36.0,0.3505455352867309,15,231.0
2645.0,19,187.0,1.230263157894737,8.803980630831068,2,29.0,0.261437047959535,0,4.0,0.9740854939392285,1,7.0,0.4866032270916747,1,18.0,0.7826879384452657,3,14.0,0.3510539216440814,0,0.0,0.8357807785851655,2,47.0,0.48360926777793006,4,86.0,0.4191389634133113,0,6.0,0.9044319489577397,13,211.0
2650.0,16,166.0,1.1066666666666667,8.702652529424952,2,31.0,0.6495224234984055,0,0.0,0.5531123699558812,0,0.0,0.03785483569928138,0,0.0,0.8491833204616447,0,0.0,0.9008698664879885,0,6.0,0.6454023893525807,4,60.0,0.38087044740290477,3,53.0,0.5576644113036813,0,9.0,0.7418520866266214,9,159.0
2655.0,13,72.0,0.48,8.537500258890905,3,38.0,0.4722268306039477,0,0.0,0.975428249453525,1,7.0,0.5804117736268845,2,6.0,0.4441667049514459,0,0.0,0.8575799634126,0,0.0,0.9324231552250448,2,49.0,0.3140317375905976,0,16.0,0.5894302183354573,2,13.0,0.7028566247880972,10,129.0
2660.0,16,79.0,0.5302013422818792,8.397347442951194,2,47.0,0.2894278277669181,0,0.0,0.9018186768795567,2,13.0,0.5627073275550651,5,27.0,0.35393756478074057,0,8.0,0.6398912704405071,0,0.0,0.6459214046593947,2,16.0,0.2922494502072292,1,9.0,0.5878559378544567,1,5.0,0.6466698256218718,13,125.0
2665.0,18,103.0,0.6776315789473685,8.824616845895939,1,46.0,0.5758560191656381,0,4.0,0.9460377096425834,2,20.0,0.653927531382668,1,9.0,0.650763429808105,2,8.0,0.6080959335113718,0,0.0,0.9221835554213507,4,39.0,0.3283760420690066,1,9.0,0.5883126392041003,2,5.0,0.3509413364291223,13,140.0
2670.0,16,121.0,0.8175675675675675,8.870312388895284,1,55.0,0.6537386803039038,0,5.0,0.9368099635678939,0,4.0,0.7972074896192138,1,18.0,0.598530340249044,1,15.0,0.5785229531417954,0,0.0,1.0,3,35.0,0.3688809423836488,0,0.0,0.8557589473007188,4,23.0,0.3998005864541155,10,155.0
2675.0,15,108.0,0.7297297297297297,8.903755103087956,3,50.0,0.5197580172437258,0,5.0,0.9090438431516897,0,4.0,0.9428639432194453,2,31.0,0.7219616426858317,2,19.0,0.5701165981132996,0,0.0,1.0,2,27.0,0.4480702134172832,0,0.0,0.6112669121572349,1,10.0,0.4615056397293599,10,146.0
2680.0,17,86.0,0.5695364238410596,8.59054920299519,4,41.0,0.28499112355445866,0,5.0,0.6412585228544833,0,8.0,0.9409450354560508,2,31.0,0.6697989180170408,0,2.0,0.6583364289727113,0,0.0,0.958628579521665,2,37.0,0.40863073627978197,2,16.0,0.523996886762709,1,14.0,0.6882809924514137,11,154.0
2685.0,25,168.0,1.0838709677419356,8.267762449562113,6,74.0,0.26111715124562124,2,10.0,0.4681234400366633,0,12.0,0.7936033788267888,4,46.0,0.46112091957497575,2,10.0,0.5385522486493178,0,0.0,1.0,1,44.0,0.48870499256604844,2,19.0,0.5584749260357643,2,37.0,0.5293168574011723,19,252.0
2690.0,35,254.0,1.6178343949044587,7.400592630146878,7,100.0,0.1989092051812631,1,6.0,0.551271680630688,1,7.0,0.78474684402966,8,80.0,0.32077163333991804,3,23.0,0.4050324013706622,0,0.0,0.9830518647934601,2,77.0,0.5162473893451497,3,25.0,0.5386695462454384,2,29.0,0.5731383845273728,27,347.0
2695.0,32,227.0,1.41875,7.735900568257645,8,99.0,0.30223407300400423,1,14.0,0.814818631332472,2,19.0,0.743438356842453,7,67.0,0.36104636650105737,3,18.0,0.49043751665360974,0,0.0,0.8166393545107095,4,127.0,0.3861166438828311,3,36.0,0.3776807249101687,0,9.0,0.5254319996101204,28,389.0
2700.0,25,195.0,1.2264150943396226,7.951258563914749,6,116.0,0.2984299280459391,1,23.0,0.8171304842889057,2,29.0,0.6907512431116561,2,52.0,0.3563344599792713,1,13.0,0.4863772360473669,0,0.0,0.8361803168750642,3,83.0,0.4118782278840417,3,22.0,0.47041748598299166,2,9.0,0.512672821933532,20,347.0
2705.0,28,290.0,1.8238993710691824,8.247058209622692,7,144.0,0.3330023112804239,0,7.0,0.9454772193327399,2,21.0,0.709575544865822,2,41.0,0.5761959974047463,3,22.0,0.4986094741969046,0,0.0,0.9062153765260768,2,115.0,0.3679641080361341,3,36.0,0.48795819191822254,2,27.0,0.6026729679463592,21,413.0
2710.0,27,273.0,1.6956521739130435,8.358389514863717,7,105.0,0.3487144254241119,0,3.0,0.9437408961946211,1,20.0,0.7754920060311817,2,30.0,0.6319772304615335,1,14.0,0.42397966164476547,0,0.0,0.910812691725208,4,92.0,0.4402758415650724,3,41.0,0.44189871138650455,0,8.0,0.9226562735772044,18,313.0
2715.0,27,238.0,1.4424242424242424,7.8136418497167766,3,97.0,0.29733109664102075,0,3.0,0.9429563033656629,2,13.0,0.5773317653480585,3,20.0,0.29625146300238864,2,11.0,0.2608870801275132,0,0.0,0.9794038148037566,2,64.0,0.4457968544655292,4,63.0,0.49697746104800156,0,4.0,0.6341255905421593,16,275.0
2720.0,32,248.0,1.4939759036144578,7.944794590092314,3,51.0,0.33102711198806034,0,3.0,0.7520523223096216,4,30.0,0.5732274968733406,7,49.0,0.17859617806728345,3,27.0,0.3635029507130145,0,0.0,1.0,1,32.0,0.5287638875841416,2,38.0,0.4764119700420035,1,4.0,0.5589032061559845,21,234.0
2725.0,37,362.0,2.180722891566265,7.335717025598157,5,60.0,0.30321804579602846,3,12.0,0.19736166845476152,2,11.0,0.6955984779720509,9,89.0,0.15933819295282092,1,21.0,0.45419282979901826,0,0.0,1.0,3,23.0,0.501170096955546,2,45.0,0.45239992674805224,1,9.0,0.2068743196874967,26,270.0
2730.0,41,435.0,2.5892857142857144,7.53255314081256,8,70.0,0.22530028647241568,5,37.0,1.2111125934205407e-05,0,3.0,0.7573530579295094,6,77.0,0.21497097542377128,0,9.0,0.7449497347667687,0,0.0,1.0,3,30.0,0.4219100760484707,2,51.0,0.5209293493957617,2,9.0,0.5393679275830807,26,286.0
2735.0,28,424.0,2.5542168674698793,8.032643876222329,7,97.0,0.27996692071739415,3,36.0,0.0,2,8.0,0.6563158645371592,0,66.0,0.5657879816874621,0,8.0,0.671353364986451,0,1.0,0.9260978420745818,0,22.0,0.707926438130461,2,61.0,0.5884615785364539,0,6.0,0.7889915579190024,14,305.0
2740.0,29,489.0,2.963636363636364,8.24424829186606,8,111.0,0.2831943061903854,0,0.0,1.0,1,8.0,0.7532503951121411,2,42.0,0.5986108573037847,0,4.0,0.8402624010836226,0,1.0,0.9324228344196166,1,47.0,0.6752119036294065,1,56.0,0.5963882477250156,0,6.0,0.828048219339221,13,275.0
2745.0,37,598.0,3.5176470588235293,7.604009090352824,7,99.0,0.23983648711794203,0,0.0,0.99079579722966,2,4.0,0.5472491055271358,4,43.0,0.4706194777890991,1,9.0,0.4949046475030312,0,0.0,1.0,1,49.0,0.325939975200788,1,57.0,0.690701730630532,0,0.0,0.7615556373149787,16,261.0
2750.0,39,615.0,3.63905325443787,7.328243509335006,4,102.0,0.33763836807435194,0,0.0,1.0,2,14.0,0.48825836301495995,5,42.0,0.33104487037415764,3,15.0,0.4332201652415969,0,18.0,0.9647421948316077,3,54.0,0.39541534376823906,3,69.0,0.6392059657831223,0,0.0,0.6365615049899879,20,314.0
2755.0,30,404.0,2.3625730994152048,8.068463702215587,3,71.0,0.41997011885295005,0,0.0,0.9550030644467205,0,0.0,1.0,2,40.0,0.23944980638407318,2,19.0,0.4896649176195978,0,18.0,0.9162710846240253,4,42.0,0.3402831704432733,2,71.0,0.570179135424448,1,8.0,0.7291384385521859,14,269.0
2760.0,26,292.0,1.7380952380952381,8.251174932704703,4,41.0,0.19163164948675163,0,0.0,0.9410398144820981,0,0.0,1.0,5,58.0,0.3449088737059258,0,13.0,0.6978421905167542,0,0.0,1.0,1,92.0,0.6706290404678694,5,85.0,0.3148610456929582,0,4.0,0.7243692336780913,15,293.0
2765.0,23,232.0,1.4146341463414633,8.48400296858793,6,55.0,0.41163407369588034,1,1.0,0.54696417938724,0,0.0,0.937940222572027,4,55.0,0.4703403814683385,0,8.0,0.8329970120931622,0,0.0,1.0,0,123.0,0.5701775529684565,6,108.0,0.2897940931767493,1,5.0,0.585070452292501,18,355.0
2770.0,28,167.0,1.0,7.66130818693758,8,88.0,0.22933939695180713,3,12.0,0.05967588062411274,0,0.0,0.9590814110063781,1,35.0,0.7465456894627154,2,11.0,0.5891503210849709,0,0.0,0.9792501314756397,1,170.0,0.4935455130497821,6,31.0,0.24088245297472782,2,19.0,0.6319979406026355,23,366.0
2775.0,23,195.0,1.1676646706586826,7.907751884590573,8,120.0,0.26096182829121073,5,33.0,0.0001406289858548221,0,0.0,0.9435526485695287,1,17.0,0.8040881319275662,2,9.0,0.6893717974350582,0,0.0,1.0,1,117.0,0.6565294032709988,2,33.0,0.30078736946942025,0,4.0,0.6355502904511044,19,333.0
2780.0,25,218.0,1.3212121212121213,7.7752689582004315,4,137.0,0.33235971870176007,4,42.0,0.0,0,4.0,0.9878027339675233,0,10.0,0.6836687317429505,1,11.0,0.5691700468681874,0,0.0,1.0,1,58.0,0.6038174870133316,4,46.0,0.2651043622808579,2,22.0,0.6399875668074176,16,330.0
2785.0,34,263.0,1.593939393939394,7.810794092895443,5,148.0,0.30919910653111404,0,34.0,0.24735290161730503,0,4.0,0.9823625907144995,3,18.0,0.6364088800587931,4,22.0,0.5000533788528132,0,0.0,1.0,1,37.0,0.7089295594348562,2,34.0,0.465972925166366,4,41.0,0.4758886507659491,19,338.0
2790.0,25,272.0,1.6385542168674698,7.784708965421999,6,167.0,0.3409574257254144,0,0.0,1.0,0,4.0,0.9003093108942284,6,41.0,0.4125370150124743,3,38.0,0.578066398209406,0,0.0,1.0,0,100.0,0.5479991972388016,2,36.0,0.32306443046732036,3,29.0,0.575830260241593,20,415.0
2795.0,26,286.0,1.7023809523809523,7.92075916755338,9,213.0,0.37069957891889854,0,0.0,0.7495779477457537,0,8.0,0.8790063001105609,5,31.0,0.348626267043633,0,22.0,0.4370749566392119,0,0.0,1.0,2,153.0,0.5511033123070164,2,46.0,0.49874273726461676,2,14.0,0.6276221857023322,20,487.0
2800.0,26,293.0,1.7650602409638554,8.433487670177167,14,244.0,0.2645527582777126,0,0.0,0.9342619939394674,0,8.0,0.8530377581492198,0,12.0,0.7482497352823536,1,18.0,0.5233983376190723,0,0.0,1.0,3,166.0,0.5500319175473035,2,55.0,0.6700341317224483,4,29.0,0.5049784862663339,24,532.0
2805.0,24,326.0,2.0123456790123457,8.27007855052953,15,264.0,0.1903682605819429,0,0.0,0.7074868799942626,0,8.0,0.8209753137367519,0,12.0,0.8628797157371629,2,20.0,0.5795430393506393,0,0.0,0.9828817400629704,1,85.0,0.43764297167846644,2,60.0,0.6343934084216029,1,8.0,0.5084643668837654,21,457.0
2810.0,26,287.0,1.7826086956521738,7.768550830480497,14,251.0,0.1229699975827105,0,8.0,0.9260487296895468,1,12.0,0.8085032150118904,1,9.0,0.8106555646817082,1,11.0,0.5651830919532143,0,0.0,0.7218496668454999,0,62.0,0.5312028314327225,3,69.0,0.560915636342004,2,11.0,0.4719948775739513,22,433.0
2815.0,34,368.0,2.216867469879518,7.895253719042527,15,295.0,0.18249765908848434,0,12.0,0.9367253811973415,1,25.0,0.7669005388010077,1,19.0,0.6400484092451819,3,21.0,0.23745755089598863,0,0.0,0.9686001010077606,0,30.0,0.7734740512447772,4,32.0,0.32332512600786717,3,26.0,0.35703894798622693,27,460.0
2820.0,38,439.0,2.5823529411764707,7.519414218843473,14,304.0,0.08440539033622478,0,8.0,0.9440275563700539,1,15.0,0.7163623582381079,1,9.0,0.6505206203402858,4,41.0,0.057454523636014845,0,0.0,0.9202934263361935,1,14.0,0.5513340243513557,8,46.0,0.33638479236324065,2,29.0,0.4656118372668468,31,466.0
2825.0,34,374.0,2.1494252873563218,7.581851397827197,11,275.0,0.16056953877831776,0,8.0,0.9246052424617488,1,16.0,0.8085585174473335,1,18.0,0.7659449383667071,2,29.0,0.2481890108953407,0,0.0,0.7936373800966149,3,25.0,0.3545374108711418,9,89.0,0.40186962259400044,1,24.0,0.6677993426738315,28,484.0
2830.0,31,326.0,1.8735632183908046,7.9529505668407054,9,246.0,0.24033458864512833,0,8.0,0.9425712120949502,3,27.0,0.6984377206891726,1,23.0,0.7942483331265467,0,11.0,0.7249867093194357,0,0.0,0.9659793821091137,5,93.0,0.39601163205178075,5,74.0,0.42302989286769704,3,37.0,0.5319161391155605,26,519.0
2835.0,34,369.0,2.132947976878613,7.578635198626148,10,269.0,0.10255151616538488,0,8.0,0.9751444151607984,2,24.0,0.7481367682437484,1,26.0,0.8149989520274075,0,8.0,0.6721928570060125,0,19.0,0.8963004521926283,5,137.0,0.3257774273781914,8,107.0,0.4677899736391678,3,17.0,0.4215184663330573,29,615.0
2840.0,30,340.0,1.9767441860465116,7.831145386061308,10,298.0,0.12148744090081252,0,4.0,0.9652852379345581,0,11.0,0.8000985233352191,1,45.0,0.7274139077227526,0,8.0,0.8634078886365399,0,19.0,0.9563772850395978,4,131.0,0.2153057331349729,12,158.0,0.31482330571004635,2,18.0,0.6779910107487777,29,692.0
2845.0,33,412.0,2.4523809523809526,8.208214373799288,11,304.0,0.25916728494910307,0,0.0,0.9364399689008825,1,3.0,0.7522856858622156,0,9.0,0.6654316291559983,0,8.0,0.9341053218452686,0,0.0,0.9833967435307064,6,90.0,0.3670597619483891,12,163.0,0.2987728197936672,2,28.0,0.6034854508846074,32,605.0
2850.0,29,299.0,1.834355828220859,7.212359389522545,10,304.0,0.27566074366890037,0,0.0,0.8961695750727474,2,4.0,0.6462547870234945,4,20.0,0.35557356918314736,0,8.0,0.5701332095785092,0,8.0,0.9885714705515544,5,81.0,0.3298284999277709,6,128.0,0.3376715653551107,0,4.0,0.3521580976901699,27,557.0
2855.0,28,225.0,1.355421686746988,7.651073371836775,6,260.0,0.28074826412233433,0,0.0,0.9622943636173981,0,1.0,0.7872660103701955,6,48.0,0.2053504443088847,1,10.0,0.5266891155907109,0,0.0,0.9548482376918072,3,65.0,0.36517842999606087,8,105.0,0.3598536115852342,2,15.0,0.5452990068338728,26,504.0
2860.0,34,337.0,2.0179640718562872,7.78196955290485,9,255.0,0.29858973418688645,0,0.0,0.9620982893945199,2,6.0,0.7180417096569139,3,23.0,0.21423221993607766,0,1.0,0.7498093663358021,0,0.0,0.9739128404944914,6,104.0,0.3477782571011945,9,120.0,0.40851862847501186,2,27.0,0.5032030020614935,31,536.0
2865.0,31,372.0,2.201183431952663,8.385355578254961,10,308.0,0.31231447809892343,0,0.0,0.9354890641223235,0,0.0,0.8856626496104896,0,5.0,0.7642311653990798,1,7.0,0.7195208989643731,0,0.0,1.0,7,136.0,0.3514201505109086,10,112.0,0.36887998133879424,0,2.0,0.7148351782334238,28,570.0
2870.0,28,364.0,2.128654970760234,8.24711452132265,10,356.0,0.34030666101698004,0,4.0,0.9309455403677864,1,1.0,0.7953681107247257,1,3.0,0.7494603732758456,1,15.0,0.6645412676285859,0,0.0,1.0,8,133.0,0.08278040924993926,6,109.0,0.33306757749355725,0,6.0,0.8713357283698058,27,627.0
2875.0,29,370.0,2.1511627906976742,8.025382349635827,11,330.0,0.14832470878232504,0,4.0,0.9532796302407465,1,10.0,0.7357537568318803,1,8.0,0.46709508101757846,1,16.0,0.5822840459539369,0,0.0,1.0,4,86.0,0.17744790566874763,11,113.0,0.2724297043367838,0,4.0,0.8017381685822794,29,571.0
2880.0,31,327.0,1.912280701754386,8.254433902777803,10,324.0,0.10393997310288086,0,4.0,0.9439652636783733,1,9.0,0.6231793627420305,3,20.0,0.6026213318864914,3,25.0,0.4959294709255758,0,0.0,1.0,4,46.0,0.23119615097130683,10,131.0,0.27993001021972347,0,4.0,0.7071693524188478,31,563.0
2885.0,30,326.0,1.9176470588235295,8.00863205920838,9,247.0,0.13944997141664842,0,4.0,0.6982840671676479,1,9.0,0.6803102565630038,1,7.0,0.6981231852007078,2,22.0,0.5773068694474823,0,0.0,0.8650509121330926,3,44.0,0.3884006004982405,3,110.0,0.27641007899798997,3,20.0,0.5595489341581561,22,463.0
2890.0,33,393.0,2.2586206896551726,8.15579385839989,10,277.0,0.2513211932530722,0,4.0,0.8680550094302434,3,19.0,0.5712591260541833,2,19.0,0.5659624480974447,1,23.0,0.5877046742028583,0,0.0,0.9254431767689406,3,39.0,0.4412994379266548,3,46.0,0.20557383690503486,5,41.0,0.3750418805020856,27,468.0
2895.0,38,391.0,2.2865497076023393,7.718203027686149,10,297.0,0.2977333291183098,0,4.0,0.6975216570615628,3,38.0,0.6285198405627556,4,37.0,0.35627635574254357,4,29.0,0.6128455499634389,0,0.0,0.8082689254072213,2,40.0,0.42784420986282606,4,15.0,0.0703986884071119,3,36.0,0.5439390439819896,30,496.0
2900.0,32,434.0,2.5680473372781063,7.723221044535004,13,317.0,0.18116244621097036,1,17.0,0.7583923398177419,3,53.0,0.625905343539876,3,37.0,0.5557697395611356,2,32.0,0.6112698931128332,0,0.0,0.9554330450180029,3,50.0,0.38062913042181995,3,32.0,0.36101676606041533,0,10.0,0.6708088954656001,28,548.0
2905.0,29,448.0,2.574712643678161,8.02359523815836,13,332.0,0.14895684720864355,0,8.0,0.9622155879684442,3,68.0,0.6293130470013915,0,40.0,0.6637263073837562,1,29.0,0.5087875387587237,0,0.0,0.926252720002252,3,32.0,0.3459776017407026,3,43.0,0.4802359106540056,2,13.0,0.562071010083393,25,565.0
2910.0,22,421.0,2.4057142857142857,9.399492376643519,9,349.0,0.15947210983908156,0,8.0,0.9170997593785296,3,78.0,0.6269188327572653,0,22.0,0.7714029809851923,2,26.0,0.6346656524376328,0,0.0,0.9755784984412204,1,49.0,0.5651122431656288,1,16.0,0.757355764173907,4,29.0,0.5343079758487218,20,577.0
2915.0,24,509.0,2.9421965317919074,9.495972956521452,9,344.0,0.18420841920269387,0,8.0,0.9541256531755936,3,97.0,0.6810619317599437,0,8.0,0.8268530775087112,2,40.0,0.651662619503574,0,0.0,0.8549072316644954,2,74.0,0.6475956398404792,2,25.0,0.5729735569374312,3,29.0,0.44284375356915756,21,625.0
2920.0,31,489.0,2.7942857142857145,8.800013308455513,12,369.0,0.17810781103931947,0,8.0,0.7934984744381767,1,5.0,0.7380330759641331,0,0.0,0.8931338929323018,3,28.0,0.4957523321447897,0,0.0,0.9588372029196991,2,91.0,0.5106955570034637,4,38.0,0.3101225380025602,4,37.0,0.4360818037209657,26,576.0
2925.0,38,545.0,3.132183908045977,8.237210764364686,11,411.0,0.24588165640177959,0,8.0,0.853279085202983,4,17.0,0.5321190434061722,0,4.0,0.966959050056732,3,25.0,0.39860468876947164,0,0.0,0.9609993916787818,4,104.0,0.3948099656054634,3,23.0,0.2928832313307445,8,67.0,0.25671511863566726,33,659.0
2930.0,44,704.0,4.045977011494253,7.44420034929753,12,442.0,0.21457415421639017,1,11.0,0.34462391837907547,4,45.0,0.6051061204570798,1,6.0,0.8268995009881759,4,41.0,0.32793272259832645,0,0.0,0.9587367903997159,6,132.0,0.3055429536696673,2,18.0,0.31361675882143214,6,63.0,0.3172187621170158,36,758.0
2935.0,43,751.0,4.316091954022989,7.445621974668118,12,414.0,0.12057563515686219,3,34.0,0.4338597651820726,1,27.0,0.7252038068242588,1,11.0,0.6865998652879775,3,45.0,0.35717648660991974,0,0.0,0.9806155885232721,8,163.0,0.11010540815714855,4,38.0,0.32370402889726163,2,44.0,0.535314981797617,34,776.0
2940.0,36,420.0,2.4,7.673881827812544,11,394.0,0.21736417200870278,2,16.0,0.5121909456623323,3,21.0,0.6260757423741208,2,26.0,0.5748852510892889,3,42.0,0.40728415831226955,0,2.0,0.9554493631831711,4,125.0,0.3327025733934371,2,11.0,0.24930685706441003,3,50.0,0.4024915997188899,30,687.0
2945.0,28,416.0,2.3908045977011496,8.341693751159974,9,260.0,0.27015586645468004,1,11.0,0.6921300837939488,3,32.0,0.5516621393315548,3,44.0,0.6166934528977859,3,29.0,0.47521229415393984,0,2.0,0.9395796524180271,0,120.0,0.518041602410936,1,11.0,0.480961192929226,2,31.0,0.366602307489873,22,540.0
2950.0,28,439.0,2.480225988700565,8.63174818089539,8,236.0,0.283791697413877,1,19.0,0.5506774811199076,0,22.0,0.6312124711415513,4,63.0,0.5692894804712715,3,33.0,0.404721789441808,0,0.0,0.9247236662424405,1,47.0,0.5063149476120624,1,12.0,0.80478972389901,2,38.0,0.4517199274357484,20,470.0
2955.0,27,349.0,1.9388888888888889,8.365188248221655,7,229.0,0.1506674399039084,1,11.0,0.7766821810263539,1,7.0,0.6951256613314787,6,47.0,0.3718415681512572,2,30.0,0.5737507438002204,0,0.0,0.9552889462795506,1,49.0,0.36468924997448454,0,2.0,0.8740384734992787,1,24.0,0.37430971519597545,19,399.0
2960.0,36,457.0,2.596590909090909,8.2944527004975,11,196.0,0.1731627337279808,0,7.0,0.8529930324511659,1,12.0,0.7429327406888719,7,55.0,0.26953456971975626,3,32.0,0.4587031312154501,0,0.0,0.9266393912053275,2,51.0,0.43807531774656944,0,0.0,0.7655242756871902,1,13.0,0.6999943822412541,25,366.0
2965.0,37,363.0,2.0742857142857143,8.227285109582446,11,222.0,0.17418648143621318,1,12.0,0.8206859520845984,0,6.0,0.8924506351825761,11,98.0,0.22332703380217636,2,20.0,0.5448653551576887,0,0.0,0.7009850254619537,4,37.0,0.3367206989510337,1,8.0,0.575347651029368,0,11.0,0.6147317121001407,30,414.0
2970.0,25,244.0,1.4269005847953216,7.640394611599862,9,235.0,0.28313111425056736,0,11.0,0.7815492837433685,1,5.0,0.37714874788602204,7,113.0,0.21531562656662942,1,16.0,0.6209074610032775,0,0.0,0.9488766406970244,0,3.0,0.45612348687763943,2,15.0,0.49242869168242526,2,18.0,0.47531780361123116,22,416.0
2975.0,26,247.0,1.436046511627907,8.278331230246613,9,234.0,0.34626638451535746,2,11.0,0.6231855504642848,2,14.0,0.3683505780089129,3,77.0,0.46444629739016413,1,12.0,0.6381930917125567,0,0.0,0.9580097323991394,1,3.0,0.6122042581338866,3,26.0,0.3480601737306675,0,6.0,0.44427943063713987,21,383.0
2980.0,24,265.0,1.5317919075144508,8.405814419469575,9,214.0,0.3198496097283441,2,18.0,0.6162878382681858,1,13.0,0.5938263368745723,3,50.0,0.4561417024226527,0,12.0,0.5429836346915237,0,0.0,0.9329621034767939,2,50.0,0.4247560716556662,4,47.0,0.3993869918091519,2,21.0,0.42185622727024763,23,425.0
2985.0,26,166.0,0.9822485207100592,8.309885828545395,10,213.0,0.24092698229362144,1,15.0,0.5782512976033627,1,2.0,0.6755860807841763,3,53.0,0.42506456112536267,2,17.0,0.6227228047360922,0,0.0,1.0,1,2.0,0.33790992250052815,2,32.0,0.5841938094950561,3,38.0,0.5866424299253272,23,372.0
2990.0,29,234.0,1.4096385542168675,7.948576345606097,9,181.0,0.30476384875439483,1,5.0,0.530816252574722,1,11.0,0.7358203002025725,7,61.0,0.34596571690891204,3,25.0,0.4734541070625359,0,81.0,0.8919772049331287,2,15.0,0.49150779049930515,3,43.0,0.23843389043088714,3,64.0,0.6907258147398064,29,486.0
2995.0,37,276.0,1.6626506024096386,7.153707542808962,7,146.0,0.3309508401530432,2,13.0,0.5446030241533054,0,4.0,0.9685611785526206,13,109.0,0.23512792032470992,5,22.0,0.011356718235859868,0,104.0,0.9692249949134493,3,27.0,0.29892707620976416,5,65.0,0.1654041371853474,2,31.0,0.7098576821765309,37,521.0
3000.0,30,277.0,1.6390532544378698,7.257602553389871,7,153.0,0.22674092942691654,1,8.0,0.6583493176730274,0,8.0,0.9051432045723078,11,118.0,0.22962814782580224,2,21.0,0.4210481940413143,0,23.0,0.9505663395353612,2,29.0,0.2605617403095426,5,94.0,0.34670326454665207,2,37.0,0.5148979878061773,30,491.0
3005.0,29,294.0,1.7710843373493976,8.238792634490954,10,157.0,0.21344179104697195,1,8.0,0.7311195304626833,0,8.0,0.9656958426328441,2,96.0,0.4361310495884748,2,28.0,0.6147515009332759,0,0.0,0.9165299732805552,3,15.0,0.2952632086966113,5,119.0,0.5264729983130603,5,43.0,0.3453588324023179,28,474.0
3010.0,35,393.0,2.3532934131736525,7.903052044431321,15,183.0,0.07442952261543781,1,13.0,0.5878129399371655,0,8.0,0.8456653002672336,0,55.0,0.5816826576232754,2,38.0,0.6346038222819829,0,0.0,1.0,4,35.0,0.3353979828214476,5,144.0,0.3844481378941523,5,34.0,0.3428850394469637,32,510.0
3015.0,36,340.0,2.073170731707317,7.72032409551049,16,244.0,0.1952183171834128,0,4.0,0.7916697296139874,1,12.0,0.8580013571907231,1,29.0,0.431242301036726,1,1.0,0.5453210911912315,0,49.0,0.9101774870637858,3,30.0,0.2545327061933984,5,93.0,0.4662116446961318,4,23.0,0.4609327784766434,31,485.0
3020.0,28,295.0,1.7771084337349397,8.25908454462426,12,281.0,0.32790933901776526,0,4.0,0.8017957920012945,4,22.0,0.5153425015885289,3,32.0,0.4878259421356614,0,4.0,0.7668498534605013,0,6.0,0.9726753420075184,1,27.0,0.48563285122744515,3,55.0,0.4134368522636862,5,41.0,0.2853814157987756,28,472.0
3025.0,32,375.0,2.272727272727273,8.212437404412569,13,286.0,0.1608860966150642,1,7.0,0.7172859046392664,5,51.0,0.5550807391633473,3,45.0,0.6445035695688605,0,8.0,0.7999794582905145,0,2.0,0.9202964752902991,2,26.0,0.6133054110965884,4,45.0,0.5406918335832519,4,47.0,0.3638620214258118,32,517.0
3030.0,22,227.0,1.3431952662721893,8.218663646731764,12,285.0,0.0812085526131639,0,0.0,0.9602231740039451,2,29.0,0.4955826686117011,3,52.0,0.5833666531849777,0,8.0,0.8050726930804718,0,2.0,0.9262071080563359,1,60.0,0.7102302710370278,4,61.0,0.48567402316149166,0,1.0,0.686511609334085,22,498.0
3035.0,27,240.0,1.437125748502994,8.610779946927696,11,260.0,0.11328746527471702,0,4.0,0.9645726424019238,3,21.0,0.4725451358494138,4,60.0,0.3703603801127936,2,13.0,0.7158193834878598,0,0.0,0.9861177678429115,1,120.0,0.7029011600524724,4,37.0,0.473627182972482,1,9.0,0.7721912221279258,26,524.0
3040.0,34,355.0,2.113095238095238,7.976119371818821,14,299.0,0.13172975105139142,0,4.0,0.8751803151913533,4,34.0,0.2473894611887305,6,85.0,0.31076722968754367,2,15.0,0.387026711485966,0,0.0,1.0,4,140.0,0.38603967383280396,4,26.0,0.33487493624811543,0,16.0,0.8420324051489709,34,619.0
3045.0,37,362.0,2.1294117647058823,7.398150420455779,10,304.0,0.21579253063780507,0,4.0,0.9215512103808662,6,62.0,0.34490555130225464,2,22.0,0.5701489883574744,3,13.0,0.3742057454875143,0,0.0,1.0,7,98.0,0.21249901604857216,7,60.0,0.33326739631465746,2,12.0,0.705874766793015,37,575.0
3050.0,35,396.0,2.3157894736842106,7.538666387395793,12,290.0,0.2888111925459065,0,4.0,0.9392464850870372,7,98.0,0.35032061333929565,1,12.0,0.6789981882453889,2,13.0,0.4462289717876994,0,0.0,0.9448223733938019,4,81.0,0.3606533583752959,5,42.0,0.5482707909833366,3,28.0,0.644548136346575,34,568.0
3055.0,27,349.0,2.0773809523809526,7.980858830884438,10,275.0,0.1588179306055383,0,4.0,0.9376594195555232,4,82.0,0.49840014331671056,4,23.0,0.5556728022322425,2,27.0,0.6634876400513837,0,1.0,0.9780738825490036,1,52.0,0.6174366795927858,2,42.0,0.6061070787261065,1,23.0,0.5948076831943874,24,529.0
3060.0,25,243.0,1.4378698224852071,7.897517531981895,10,272.0,0.11863936373405648,0,4.0,0.9356658855123666,0,66.0,0.7280892799702365,2,11.0,0.19496505549287374,1,23.0,0.6537936409612711,0,1.0,0.955298052421429,1,65.0,0.5833332169817714,3,23.0,0.37927418617401704,3,25.0,0.38302988882308453,20,490.0
3065.0,28,276.0,1.5953757225433527,8.525837298507117,10,269.0,0.1886215241060181,0,0.0,0.9011316266275919,0,31.0,0.7660702450212529,1,15.0,0.6625665660630445,2,20.0,0.6151993103620315,0,0.0,0.9719910283467444,0,12.0,0.8326678282367415,2,8.0,0.40825208901276866,6,52.0,0.3237272726242825,21,407.0
3070.0,29,346.0,2.0,8.770359636173405,11,275.0,0.1925009980115218,0,0.0,0.9007391359415242,0,7.0,0.8940907867280264,2,25.0,0.7307810667478396,4,41.0,0.6432060096795363,0,0.0,0.8653959428127378,0,12.0,0.6003140279867016,4,28.0,0.38730671885954354,6,78.0,0.2625283425059288,27,466.0
3075.0,24,245.0,1.384180790960452,8.91529694347561,7,269.0,0.3126121123431121,0,0.0,0.9512501699062437,0,8.0,0.8555516518732911,3,35.0,0.6494689365896661,0,12.0,0.6107835444915835,0,0.0,0.9457465700485134,3,46.0,0.31992442697224205,4,44.0,0.28154699485702944,4,46.0,0.4817767790605731,21,460.0
3080.0,25,239.0,1.3815028901734103,8.585845977275905,7,185.0,0.2883562788205565,0,0.0,0.29852206231351697,0,4.0,0.7278120163532874,3,54.0,0.5922717971698285,4,17.0,0.45602209438404295,0,0.0,0.9697090194112735,3,70.0,0.3649473590880129,3,48.0,0.3549225121973546,0,9.0,0.7565961075688405,20,387.0
3085.0,31,304.0,1.7471264367816093,8.471012570885792,9,197.0,0.2229840081873594,1,5.0,0.642008643398853,2,11.0,0.6871474660886338,3,60.0,0.6578218358595618,4,41.0,0.27756123393995524,0,0.0,0.9754742205747271,1,54.0,0.7437929873949797,3,41.0,0.5871613544459071,1,7.0,0.49712136646539945,24,416.0
3090.0,29,296.0,1.7309941520467835,7.979243740735653,9,260.0,0.31553400779065305,1,10.0,0.6422932484533058,3,21.0,0.6351807446434494,2,8.0,0.4533178303912036,4,41.0,0.338517887166139,0,0.0,1.0,0,5.0,0.7968119895503784,4,49.0,0.5308384759456977,1,2.0,0.7664260443337568,24,396.0
3095.0,24,280.0,1.6666666666666667,8.489972451234294,10,302.0,0.23761910523564522,1,19.0,0.6833546516159346,1,3.0,0.7611283684923739,5,29.0,0.4418542795055395,1,34.0,0.4960616192848889,0,0.0,0.9542772384956338,1,6.0,0.704975950242564,1,17.0,0.6640577985492362,1,10.0,0.7962254051968242,21,420.0
3100.0,31,377.0,2.244047619047619,8.750914372402251,13,313.0,0.06617799483311237,1,24.0,0.7604372306125103,1,8.0,0.8328817634312479,7,70.0,0.4253683640106497,1,24.0,0.6686350694399081,0,0.0,0.9756705991413621,0,19.0,0.7387432493622694,3,31.0,0.38974096251232276,2,20.0,0.48203866369908294,28,509.0
3105.0,28,379.0,2.283132530120482,8.404776229979483,10,337.0,0.20987619733374938,1,29.0,0.7335336570537027,1,9.0,0.8180926870018751,3,53.0,0.5642892115002518,2,7.0,0.6181789406060239,0,0.0,1.0,1,29.0,0.6928529845537014,5,53.0,0.3556830033341648,4,35.0,0.39894540953471225,27,552.0
3110.0,21,358.0,2.1566265060240966,8.381327161290267,8,328.0,0.24929370173613558,0,4.0,0.9473473024059466,0,4.0,0.9452505388584764,1,33.0,0.46581101277337333,3,19.0,0.43387062608718924,0,0.0,0.9520988304649327,2,9.0,0.4720287579695524,3,50.0,0.4581023648687428,2,22.0,0.5560885296525798,19,469.0
3115.0,21,344.0,2.0476190476190474,8.539087595281732,7,284.0,0.2002423359498019,0,4.0,0.7699426922139935,0,4.0,0.7205441927415852,4,42.0,0.48497191581992954,3,38.0,0.32068971286475356,0,0.0,0.7724527370374802,1,12.0,0.5352027728215523,3,54.0,0.4048415797749345,0,4.0,0.7425194293829414,18,442.0
3120.0,25,174.0,1.0481927710843373,8.57475834240068,7,254.0,0.23315339413329564,0,4.0,0.9534968599137499,2,13.0,0.7650407522846815,3,41.0,0.44184852092340154,1,14.0,0.6698772596588966,0,0.0,0.8920680075793002,2,32.0,0.5579920014848319,3,69.0,0.4631643006372322,1,8.0,0.7130933783142893,19,435.0
3125.0,25,230.0,1.369047619047619,8.371946035878052,10,167.0,0.17289771020276892,0,4.0,0.9464667257216064,2,27.0,0.7673873543941009,5,58.0,0.274776697101428,1,19.0,0.7756823780000787,0,0.0,0.9607450007158096,2,77.0,0.38689172369964664,3,84.0,0.4262440958046226,0,3.0,0.9137269191817499,23,439.0
3130.0,37,345.0,2.065868263473054,7.510160630784796,11,193.0,0.0025010363027219346,0,0.0,0.9563792976393799,3,31.0,0.7006417931424671,12,99.0,0.18676034391094853,1,24.0,0.7542173194510962,0,0.0,0.9298448188006209,4,90.0,0.35773735439687565,2,83.0,0.29534495503694885,2,5.0,0.6315104976621679,35,525.0
3135.0,34,373.0,2.2335329341317367,6.8852506497232975,8,222.0,0.12243041132488378,0,0.0,0.9527139501856019,3,46.0,0.5966595617941107,10,115.0,0.17530365328542083,0,12.0,0.5553491452265525,0,0.0,0.9637211611093934,4,74.0,0.31918706491734755,5,103.0,0.34935250217483216,2,15.0,0.46190501029198383,32,587.0
3140.0,34,406.0,2.4166666666666665,7.311453873111747,8,223.0,0.18009504389159015,1,3.0,0.6451719214072728,4,64.0,0.6267249678412847,6,121.0,0.24174448104514074,3,14.0,0.4857365554800313,0,0.0,0.8897832074179357,3,68.0,0.29998593322532346,5,128.0,0.3508990740107409,1,11.0,0.6862693607944843,31,632.0
3145.0,40,513.0,3.035502958579882,7.820245480466022,8,225.0,0.1252293621373784,1,8.0,0.0046529277383421394,5,86.0,0.5999015586988226,2,104.0,0.4792001765231027,2,22.0,0.5608568561394586,0,0.0,0.9780591143361845,4,46.0,0.3567257497851938,7,163.0,0.27527657294699753,1,16.0,0.6795283030777061,30,670.0
3150.0,29,383.0,2.213872832369942,7.823381280265801,4,204.0,0.29099783330524437,0,0.0,0.9726779980133454,1,16.0,0.8334286373127824,2,81.0,0.482002232849355,0,4.0,0.6543477279814349,0,0.0,1.0,5,67.0,0.4209590033874151,4,143.0,0.2857488106628498,1,21.0,0.6512712328204745,17,536.0
3155.0,29,409.0,2.337142857142857,8.485582010758622,3,146.0,0.45057767549070227,0,0.0,0.8870636697724792,0,4.0,0.8619667103200086,3,69.0,0.5835512902013015,2,9.0,0.49720433179691803,0,4.0,0.9368821938116716,4,52.0,0.4773836924899569,3,132.0,0.4575595691835971,1,16.0,0.8021526540546758,16,432.0
3160.0,25,361.0,2.136094674556213,8.531725416063324,4,103.0,0.47401529153304905,1,2.0,0.4545515730310907,3,10.0,0.6224408337455103,4,40.0,0.48850465090016826,2,27.0,0.6172053732612496,0,4.0,0.9287832393034424,1,36.0,0.530396587566065,3,151.0,0.49720827540319323,1,27.0,0.6827586470618364,19,400.0
3165.0,18,232.0,1.3727810650887573,8.685352472885102,4,138.0,0.473548634922486,0,0.0,1.0,1,14.0,0.5665234201908192,4,90.0,0.4518865520887057,2,22.0,0.656870702252958,0,2.0,0.933316731286577,1,41.0,0.5328427216084011,1,20.0,0.5971256122349379,3,38.0,0.5998479207645244,16,365.0
3170.0,28,309.0,1.8727272727272728,8.820457777978575,5,161.0,0.38605289325625486,0,0.0,1.0,1,11.0,0.6227773373459103,7,106.0,0.33862620471125326,1,15.0,0.794709348015147,0,2.0,0.93506814365836,4,44.0,0.30654319725310564,2,25.0,0.6284275375816794,5,50.0,0.3601427701424335,25,414.0
3175.0,31,306.0,1.8658536585365855,8.20591304244404,4,123.0,0.39587231574667137,0,0.0,0.9722913284638678,3,20.0,0.41984814055632536,5,112.0,0.4419912331377264,1,20.0,0.5884107315928028,0,0.0,0.9774054150770248,6,53.0,0.32294540067418553,2,39.0,0.5782069654765218,5,45.0,0.33940485344321647,26,412.0
3180.0,30,266.0,1.5833333333333333,8.06776706667387,6,104.0,0.3209873140482703,0,0.0,0.46030471286076724,4,39.0,0.5488695032288626,3,112.0,0.4277315624899888,1,16.0,0.5047486951008415,0,0.0,1.0,8,131.0,0.2623286111682294,3,61.0,0.5549836018767469,3,33.0,0.5394203652605423,28,496.0
3185.0,25,306.0,1.8214285714285714,8.244204209992997,7,137.0,0.19319969952803853,1,3.0,0.4816457104994858,2,30.0,0.6410813380334142,2,99.0,0.5536793317660286,1,12.0,0.4285578305459856,0,0.0,1.0,4,110.0,0.3622377099391935,2,50.0,0.5290155029916055,3,41.0,0.36137211649749723,22,482.0
3190.0,20,183.0,1.1366459627329193,8.202113410570266,8,94.0,0.13773253666211221,1,8.0,0.4517195395934227,0,18.0,0.7144402052558095,2,65.0,0.6017369346684605,1,10.0,0.4451213351641515,0,10.0,0.7923341565957542,2,25.0,0.471562224133776,2,55.0,0.5683469709884397,2,11.0,0.4294306308931403,18,296.0
3195.0,21,184.0,1.1428571428571428,8.402321838275489,5,80.0,0.16490766858721617,0,0.0,0.9716297151582376,0,10.0,0.8105845737038444,3,47.0,0.48391177150587195,2,14.0,0.4796306255519258,0,10.0,0.942751223524679,3,42.0,0.35291422796679117,3,65.0,0.4611937753399354,2,13.0,0.5554853879453734,18,281.0
3200.0,26,280.0,1.7177914110429449,8.47304593555357,5,102.0,0.24789386284281598,0,0.0,0.9384963141442593,0,4.0,0.9028229865100178,5,68.0,0.23454281875050764,3,28.0,0.6110775705560877,0,0.0,1.0,3,40.0,0.27449376993634583,3,76.0,0.31819305035945866,2,27.0,0.5288740676441435,21,345.0
3205.0,28,283.0,1.6946107784431137,8.997779623470695,4,97.0,0.3441924529553281,0,0.0,0.9442988648645991,1,39.0,0.7468402805019186,10,106.0,0.20177310027278583,3,47.0,0.6781659594515442,0,0.0,1.0,4,66.0,0.3829418551360391,4,85.0,0.32041626098308446,1,5.0,0.7889499455948793,27,445.0
3210.0,20,241.0,1.478527607361963,8.502181452677496,1,59.0,0.328003467118544,0,0.0,0.9303785109542273,0,37.0,0.6970786507892629,5,76.0,0.25277714610711377,2,39.0,0.6036372316287673,0,5.0,0.9510249650638302,4,94.0,0.41739418716596516,2,77.0,0.5427793081094954,2,15.0,0.33210600438649135,16,402.0
3215.0,30,248.0,1.559748427672956,7.9575802181389195,4,40.0,0.1915750976051542,1,2.0,0.7171692399267551,1,40.0,0.5893856701717824,2,50.0,0.41203109391277215,2,36.0,0.3682096726238998,0,0.0,1.0,2,72.0,0.3420540599866643,3,96.0,0.4953480114984816,5,38.0,0.16378478553130238,20,374.0
3220.0,23,244.0,1.5345911949685536,8.054193965844972,3,25.0,0.25584807463851306,1,7.0,0.6422987338207307,3,50.0,0.3094277316303496,2,33.0,0.5746305626524488,3,28.0,0.4497252431181867,0,0.0,0.9927504519364968,1,63.0,0.6283307939825901,4,114.0,0.355098266430955,1,15.0,0.49072790358579743,18,335.0
3225.0,21,267.0,1.679245283018868,8.469878556070807,2,28.0,0.5732405342314328,0,4.0,0.6522906285556912,2,24.0,0.5284100221289659,2,30.0,0.7236759392357792,4,46.0,0.4169299963300134,0,7.0,0.9340243220196625,1,22.0,0.5972697636607015,5,116.0,0.27435051134153343,0,0.0,0.9564460281465953,16,277.0
3230.0,15,206.0,1.2955974842767295,9.007741446372625,2,29.0,0.5625336073058179,0,4.0,0.9544513464796902,0,8.0,0.8530758680807192,2,8.0,0.6585192545993013,1,5.0,0.5131422892497123,0,10.0,0.949514746514713,3,30.0,0.47921170052859363,2,115.0,0.4570024920040168,0,7.0,0.933372231638485,10,216.0
3235.0,16,227.0,1.455128205128205,9.401647832573738,0,4.0,0.5337123943646013,0,4.0,0.9904151121820506,0,4.0,0.9296121627595512,2,33.0,0.5925338823962222,1,19.0,0.7036089636619198,0,3.0,0.8804537827799561,4,39.0,0.511223055383303,2,123.0,0.6217575012498102,1,8.0,0.5161057056489768,10,237.0
3240.0,26,179.0,1.1401273885350318,8.982641651282236,3,25.0,0.3748134414412378,0,4.0,0.9569983882202423,2,46.0,0.6464625423678861,8,54.0,0.34015817850433444,1,24.0,0.7759225538857887,0,0.0,1.0,4,66.0,0.5001391997751076,1,41.0,0.5606303906717025,0,4.0,0.817738684334009,19,264.0
3245.0,29,209.0,1.3483870967741935,8.620637873755376,4,36.0,0.5305050849334483,0,7.0,0.929229025363301,2,56.0,0.7039381413080099,11,129.0,0.21033252838850397,0,16.0,0.7916325420145423,0,0.0,0.920188039660097,3,51.0,0.37938005387593726,1,7.0,0.7248575029621916,1,7.0,0.6262547034506692,22,309.0
3250.0,34,230.0,1.5032679738562091,7.770854933810478,3,37.0,0.5219056256237445,0,7.0,0.7077683665338389,3,68.0,0.6745365666461323,13,130.0,0.21359384683621224,2,10.0,0.5304373536985456,0,0.0,0.9335580832620645,1,24.0,0.49054919907932554,4,19.0,0.3228224652864394,1,8.0,0.5126580341442991,27,303.0
3255.0,17,108.0,0.6923076923076923,8.354719243068633,3,44.0,0.4660656978109166,0,3.0,0.9053964708490669,3,68.0,0.6153857301396214,1,83.0,0.568071217401751,2,24.0,0.547822636945541,0,6.0,0.9835608427953446,3,58.0,0.285345168437227,3,14.0,0.4729036961803645,1,7.0,0.34052225796564456,16,307.0
3260.0,17,135.0,0.8766233766233766,8.975402288760483,5,71.0,0.3347316578998116,0,3.0,0.8993372663777893,2,58.0,0.5306262826701904,2,21.0,0.7170386831746526,0,9.0,0.8395015900284655,0,6.0,0.9269931490117795,4,44.0,0.2916325055575464,2,14.0,0.4344333089628843,1,22.0,0.6975770531834408,16,248.0
3265.0,22,216.0,1.375796178343949,8.837427298260053,5,84.0,0.24058783029184694,0,3.0,0.9158918336240327,3,23.0,0.5500986170148474,2,27.0,0.7159399273972422,1,19.0,0.7152545962182194,0,0.0,0.9993823055774066,6,71.0,0.22284013811687917,2,25.0,0.4046263808726628,1,24.0,0.7869891033455565,20,276.0
3270.0,22,279.0,1.7884615384615385,8.39357365267922,6,100.0,0.28458058410553927,0,3.0,0.1389434337702402,1,33.0,0.6376036967876043,2,37.0,0.46190788957688256,2,24.0,0.6867115631730653,0,0.0,0.7963325769220168,7,105.0,0.1880718933711235,3,35.0,0.5340335283210813,1,16.0,0.7143270404635089,22,353.0
3275.0,32,306.0,1.9741935483870967,7.712844187970332,8,127.0,0.11219184694102144,1,6.0,0.0,3,37.0,0.48640957625199227,3,26.0,0.4435438766115962,3,21.0,0.6109805080970381,0,6.0,0.9378962287699208,7,71.0,0.2357937570996423,3,43.0,0.5218951657953944,1,24.0,0.5661730579674146,29,361.0
3280.0,24,233.0,1.484076433121019,7.837285285336855,7,122.0,0.12125906112325005,1,11.0,0.0,4,55.0,0.26950294863405205,1,21.0,0.6099206566967563,2,22.0,0.3479360008840661,0,0.0,1.0,1,29.0,0.37487836414950604,3,34.0,0.403996031803056,0,5.0,0.9306193456436063,19,299.0
3285.0,24,180.0,1.139240506329114,7.860287582004255,2,86.0,0.4057900472828816,0,0.0,1.0,3,49.0,0.37870808442554516,2,17.0,0.6572809570275139,6,45.0,0.3040539332941728,0,0.0,1.0,2,23.0,0.42389934656039713,6,61.0,0.3616684303409977,1,3.0,0.7485576856869429,22,284.0
3290.0,19,150.0,0.9493670886075949,7.83814680694744,1,54.0,0.4013964886369521,0,0.0,0.9661826279576413,0,36.0,0.7294469051602361,2,19.0,0.6986273581303217,1,20.0,0.6756315800372646,0,0.0,1.0,4,30.0,0.4377394754815983,7,88.0,0.3561562086565899,1,14.0,0.6750470982325725,16,261.0
3295.0,17,150.0,0.9316770186335404,8.341217298464489,2,42.0,0.612236453324821,0,0.0,0.7631401832557136,0,1.0,0.8684052376276528,1,28.0,0.7575452083803714,0,4.0,0.6822081045560959,0,1.0,0.9875611374391602,4,31.0,0.41502015463306186,5,88.0,0.3612964691665323,1,10.0,0.48540503779856287,13,205.0
3300.0,23,195.0,1.1890243902439024,7.971687766985838,5,44.0,0.17471112822850904,0,0.0,0.9993956386173407,0,2.0,0.9387665479016347,1,33.0,0.8138211962718022,0,0.0,0.31136368875043957,0,1.0,0.9687326531394997,7,61.0,0.3147426650140858,3,84.0,0.5306708498275977,0,10.0,0.7353776168927334,16,235.0
3305.0,20,248.0,1.4850299401197604,8.853974059000898,3,53.0,0.3351828184612396,0,0.0,0.9818448230673975,0,7.0,0.8511742173956965,1,31.0,0.7819792787599941,0,9.0,0.4797121611760569,0,0.0,1.0,8,79.0,0.1982646500162848,4,93.0,0.5523854105622398,0,15.0,0.7444006321375835,16,287.0
3310.0,23,195.0,1.1676646706586826,8.796956217927027,4,71.0,0.3555022579412133,0,0.0,0.9343339013704265,2,7.0,0.6536864553520216,2,26.0,0.35351646401523956,2,14.0,0.7150520951192438,0,2.0,0.9454377833574322,4,81.0,0.26750824746034113,3,23.0,0.4054344708608826,1,19.0,0.7342986001950363,18,243.0
3315.0,25,235.0,1.4506172839506173,8.71977909892624,4,91.0,0.28459772018723123,0,0.0,0.9062728268353734,2,21.0,0.7034731375315465,3,12.0,0.48392754883285816,2,28.0,0.6116826290169246,0,0.0,0.7734567615959932,4,70.0,0.26270776580866373,5,30.0,0.3504673422866347,0,4.0,0.8902625305928827,20,256.0
3320.0,27,232.0,1.45,8.326191750891427,4,90.0,0.1936550216995532,1,2.0,0.6372841847509206,2,13.0,0.6909514639739991,2,48.0,0.6305859744981058,1,26.0,0.5164134724822558,0,6.0,0.9233472006443137,4,49.0,0.29882441162713813,7,40.0,0.2717254046897954,1,6.0,0.4671468581145783,22,280.0
3325.0,23,200.0,1.2987012987012987,8.006676776975727,2,77.0,0.442129219565485,1,7.0,0.4345394466251208,1,7.0,0.8222293382832543,2,58.0,0.4608388754213605,3,19.0,0.6126691686902334,0,6.0,0.9626062776799378,2,39.0,0.44897765747150004,5,25.0,0.3486288146028437,1,11.0,0.7090063108896663,17,249.0
3330.0,25,208.0,1.3419354838709678,8.236184445571235,2,73.0,0.47509635226902186,0,1.0,0.9067759065776588,1,23.0,0.8446114154660036,3,64.0,0.4367935621876751,3,36.0,0.5414850397628919,0,0.0,0.9393409707460605,4,53.0,0.3230411719520978,2,27.0,0.4318919122873315,1,7.0,0.7058093701723404,16,284.0
3335.0,16,121.0,0.7756410256410257,8.080854984064949,3,29.0,0.5542607663763551,0,1.0,0.9387970525160632,1,9.0,0.7249980821677313,0,54.0,0.5992869432885882,1,22.0,0.5075017054039006,0,0.0,0.9092132986730892,2,48.0,0.26346829855642995,3,33.0,0.3888833206020174,1,22.0,0.6882858116200348,11,218.0
3340.0,19,112.0,0.7133757961783439,9.12122660491529,3,27.0,0.47120841765163946,0,1.0,0.9496187972580485,3,19.0,0.5568318673382744,1,40.0,0.5174581773890757,2,12.0,0.6871164235194247,0,17.0,0.6667454582551834,4,61.0,0.3014774517298644,2,11.0,0.544219479080967,1,21.0,0.6838364255618757,16,209.0
3345.0,26,224.0,1.4267515923566878,9.608148214819124,5,36.0,0.15123939377712461,0,1.0,0.9354367400220807,4,46.0,0.602255298107228,3,19.0,0.5780063070713699,3,20.0,0.6442919290435206,0,17.0,0.960410382672235,5,87.0,0.45053760488517974,2,25.0,0.5091690905217429,1,24.0,0.6376524644334853,23,275.0
3350.0,15,166.0,1.0375,8.625310839070742,2,24.0,0.4834078382273267,0,1.0,0.8923215603134468,2,17.0,0.5672549077664872,0,7.0,0.8130803244439421,1,11.0,0.4666119057042408,0,0.0,0.9770611696727988,2,82.0,0.3298395581867384,3,35.0,0.6310440088865527,2,30.0,0.3049078281302136,12,207.0
3355.0,19,116.0,0.7341772151898734,8.416974759847884,0,11.0,0.49935821443969175,0,0.0,1.0,1,10.0,0.7458031587386643,2,18.0,0.34440236738488594,4,16.0,0.3353074053542837,0,12.0,0.7755993535457067,2,86.0,0.3581157780522569,1,9.0,0.31355896385484244,1,10.0,0.40194533535534055,11,172.0
3360.0,32,228.0,1.425,8.89859326859698,1,19.0,0.6401441434404084,0,0.0,1.0,1,19.0,0.836047486590904,7,46.0,0.25902880777327253,6,47.0,0.26832001877856704,0,0.0,0.8944457926476869,5,89.0,0.30670616726158295,3,14.0,0.45941438533817275,2,10.0,0.5586795103493661,25,244.0
3365.0,24,235.0,1.5064102564102564,8.66777331224145,1,26.0,0.635837912054356,0,0.0,1.0,1,24.0,0.7696745613068586,5,37.0,0.3865975258859269,4,45.0,0.2878102659372689,0,0.0,0.9902453452045947,3,75.0,0.3256985485731743,3,24.0,0.4276004234759394,2,20.0,0.5408759552318038,19,251.0
3370.0,10,48.0,0.3116883116883117,9.22507520075667,2,36.0,0.5002834678313367,0,0.0,1.0,1,9.0,0.756792923440233,2,29.0,0.6167354914811849,1,21.0,0.4914431984418624,0,0.0,0.9616941340330335,1,124.0,0.36633945194356077,1,2.0,0.7607382208996171,0,10.0,0.9480708956106934,8,231.0
3375.0,19,124.0,0.8,9.89754595778647,5,62.0,0.4107325923722283,0,4.0,0.8758630199216721,3,13.0,0.5447196784674208,2,28.0,0.7341034401020308,1,24.0,0.5692909324548467,0,17.0,0.8415044977076493,4,93.0,0.3613401045170461,1,7.0,0.6066377237324705,1,12.0,0.5766139443621305,17,260.0
3380.0,24,189.0,1.2352941176470589,9.316861231893487,8,97.0,0.18223885435065978,0,8.0,0.9524953857164558,3,32.0,0.5533804070491041,2,30.0,0.7157758506752051,1,29.0,0.7046878797193888,0,17.0,0.9600107288133094,4,69.0,0.3497076815811179,3,11.0,0.3280881172471683,3,24.0,0.4298286085493213,24,317.0
3385.0,19,184.0,1.218543046357616,8.722186050775752,9,159.0,0.346887219370184,0,8.0,0.9285666243128934,1,15.0,0.6213248386159327,2,39.0,0.5961403488292817,1,34.0,0.7263078193546665,0,0.0,0.7287919539930319,2,50.0,0.3245497248314988,2,4.0,0.37456138281096674,0,3.0,0.8431494354894716,17,312.0
3390.0,21,199.0,1.2922077922077921,8.408970907108252,10,207.0,0.2356504380566998,0,8.0,0.9843901552833676,0,2.0,0.7830112537990894,2,5.0,0.6136821297202893,0,16.0,0.674009738828718,0,0.0,0.8929732473649364,4,63.0,0.003564024998717033,2,14.0,0.5900818508687142,0,7.0,0.8720704555228235,18,322.0
3395.0,26,277.0,1.8104575163398693,8.508690688085348,12,261.0,0.18269340893271804,0,8.0,0.8366221671186107,0,0.0,0.9563616454135547,3,12.0,0.4143761449114882,1,21.0,0.5734221931492949,0,3.0,0.9460863069384884,3,48.0,0.22573879763206098,2,22.0,0.7372122212405152,1,15.0,0.6576484346791028,22,390.0
3400.0,33,370.0,2.371794871794872,8.349202912901772,14,325.0,0.15642563020155123,0,8.0,0.8629749050817277,0,4.0,0.6947117055026781,5,31.0,0.23821908832251656,3,34.0,0.6962683831091925,0,3.0,0.8759820082944931,2,18.0,0.4745345345262624,1,5.0,0.6977619132919269,1,13.0,0.7165380939273545,26,441.0
3405.0,38,503.0,3.2038216560509554,7.772912220203354,15,398.0,0.07129341112035306,1,10.0,0.7492914558851778,2,11.0,0.5719998361497802,6,61.0,0.31726060347025303,2,25.0,0.5703530557065014,0,16.0,0.9454077863627424,2,31.0,0.4643104782060873,3,8.0,0.37579005092339457,1,2.0,0.48460475229121386,32,562.0
3410.0,41,594.0,3.832258064516129,7.120172904657712,16,479.0,0.18645435671082775,1,5.0,0.5782258549044312,4,27.0,0.47361360169385985,3,34.0,0.4677849842643075,3,17.0,0.43838985558545795,0,16.0,0.8311720164137197,1,14.0,0.5645444971240344,4,27.0,0.428219650763553,2,12.0,0.454261646746558,34,631.0
3415.0,32,617.0,3.9551282051282053,7.5408795516001215,17,562.0,0.0920102739154238,2,14.0,0.617867758037888,3,28.0,0.5032513930516537,2,17.0,0.6246820369925264,2,21.0,0.5047994430926838,0,0.0,0.9618667648739152,0,9.0,0.012341980008757619,3,19.0,0.37528775599043573,0,0.0,0.9205811848840444,29,670.0
3420.0,38,639.0,4.096153846153846,7.781569228781341,15,539.0,0.13513942035913926,2,28.0,0.6661906882125882,2,26.0,0.5910914983354632,4,31.0,0.5755698586742477,1,10.0,0.659319984781724,0,9.0,0.9537883342397568,1,17.0,0.6562581516485053,5,23.0,0.26294689298581847,0,8.0,0.9391307585734268,30,691.0
3425.0,29,439.0,2.8141025641025643,8.287574249455929,10,526.0,0.13570129234533235,2,38.0,0.6817194192184334,2,45.0,0.7070636848672401,3,30.0,0.5274666027969563,2,12.0,0.6437175711687442,0,4.0,0.9594833645894838,1,9.0,0.5050143140609784,4,40.0,0.45137095006808725,1,9.0,0.8133407089124532,25,713.0
3430.0,26,316.0,2.0,8.573535561187331,8,406.0,0.19837522930790258,1,7.0,0.7903942033294834,0,28.0,0.7022556955155339,4,33.0,0.46929655315430313,2,22.0,0.5548589557665843,0,7.0,0.9304919726150641,0,4.0,0.8788218884117451,4,60.0,0.3950570613701334,1,2.0,0.6269705957928134,20,569.0
3435.0,24,215.0,1.3271604938271604,8.478183482147159,6,344.0,0.27470332939136205,1,6.0,0.6398339967143086,1,2.0,0.5612754445074499,6,61.0,0.24582455907575362,1,13.0,0.6276721643240749,0,6.0,0.93731320315309,1,18.0,0.7546968106737997,1,26.0,0.484133782609734,1,22.0,0.6958757174991386,18,498.0
3440.0,27,213.0,1.3229813664596273,8.107131873081434,4,314.0,0.2852511159219059,2,16.0,0.545766878664548,1,7.0,0.5312571659203824,5,44.0,0.21937929794742853,1,11.0,0.7841176488137991,0,0.0,0.94436577271204,1,24.0,0.52139588943597,5,49.0,0.29690006951853926,1,56.0,0.7573146491354741,20,521.0
3445.0,25,225.0,1.4331210191082802,8.555840670072916,5,312.0,0.29100388668280935,1,14.0,0.7905059449856745,0,0.0,0.8691381970598121,1,21.0,0.7766488706155757,2,18.0,0.5474427052348423,0,0.0,0.8163994614142447,1,58.0,0.5067355432739846,3,58.0,0.47628145786193443,1,46.0,0.6108367621205075,14,527.0
3450.0,22,206.0,1.3037974683544304,8.388091030873168,8,342.0,0.3034815629057653,0,4.0,0.7904141134638032,0,0.0,0.8573283204610492,3,21.0,0.5999446514611659,0,8.0,0.8752431468636208,0,0.0,0.950203785634035,1,124.0,0.4120641186092419,2,43.0,0.6143177360080785,1,30.0,0.007030257052605401,15,572.0
3455.0,26,286.0,1.821656050955414,8.905854609648449,9,320.0,0.22301106314851007,1,9.0,0.7115483908703137,0,2.0,0.9156089631725253,2,17.0,0.5371469264603588,1,14.0,0.6720093096527998,0,1.0,0.9612590100642318,3,93.0,0.23840039496310583,2,53.0,0.7010103212576817,1,43.0,0.4603393158898209,19,552.0
3460.0,25,269.0,1.735483870967742,8.20970326002852,7,303.0,0.3774403547504674,0,4.0,0.9359315239314495,0,2.0,0.743466922379017,4,19.0,0.4175673288322614,2,24.0,0.45249518899354285,0,1.0,0.9384328788453568,1,94.0,0.41155258478048135,3,65.0,0.4294260247372125,1,58.0,0.6018938947725057,18,570.0
3465.0,23,210.0,1.3461538461538463,8.542936679012426,5,128.0,0.3238766392565277,0,4.0,0.9528017644081903,3,13.0,0.5505565615631538,5,43.0,0.14052869849577337,3,29.0,0.6409037549770866,0,18.0,0.9667369140104265,1,45.0,0.4959394576109987,4,83.0,0.3171034035711253,1,37.0,0.6510742604985276,22,400.0
3470.0,21,172.0,1.1025641025641026,8.851455843018725,7,112.0,0.32095845496404846,0,4.0,0.8703881698595521,5,40.0,0.5673972171258621,3,20.0,0.5366475937963886,0,26.0,0.6988809300829755,0,29.0,0.9429043758158112,1,35.0,0.5905287718132362,3,21.0,0.17540346631842063,0,26.0,0.876084757718035,19,313.0
3475.0,21,195.0,1.2662337662337662,8.47928667351596,7,135.0,0.25409188271385946,0,4.0,0.7215722407968873,4,57.0,0.4448106205174008,1,5.0,0.6262347091431264,1,17.0,0.5521284725631904,0,11.0,0.9859421624204351,2,29.0,0.15176170993611768,3,26.0,0.45132156207418284,1,18.0,0.7616278923339228,19,302.0
3480.0,27,229.0,1.4967320261437909,8.449792195296595,8,104.0,0.19271550030858356,1,6.0,0.4554976017392548,7,88.0,0.42115188209096993,3,16.0,0.6316576634334987,1,12.0,0.5856824817401991,0,0.0,1.0,2,75.0,0.36069584922029196,3,28.0,0.5111439118143728,0,30.0,0.8497310229416403,25,359.0
3485.0,25,208.0,1.3506493506493507,7.923641918346285,8,123.0,0.1400110001306878,1,11.0,0.27313118363982375,4,65.0,0.43421709203035697,3,10.0,0.45366683669104724,2,15.0,0.7045115279570818,0,0.0,1.0,2,144.0,0.5161318031977551,1,23.0,0.6704734249378431,1,33.0,0.6699642357530716,22,424.0
3490.0,31,237.0,1.5095541401273886,7.873127654521669,10,147.0,0.2274257385525459,1,7.0,0.45503837121859353,1,52.0,0.5718387654383889,5,21.0,0.34711044836883015,2,25.0,0.5007186061487223,0,0.0,1.0,2,92.0,0.511236557484189,1,10.0,0.7348735068580463,4,55.0,0.37119616765860936,26,409.0
3495.0,30,249.0,1.537037037037037,8.598290228654664,8,107.0,0.23998170638644975,0,0.0,0.8987016388223601,1,22.0,0.6388129882542538,7,54.0,0.2750062710976067,3,29.0,0.6283586442289989,0,5.0,0.677613681944171,3,61.0,0.49328569371455894,1,15.0,0.7922628522008498,4,48.0,0.30855220387511023,27,341.0
3500.0,21,170.0,1.0559006211180124,8.628726737849487,4,92.0,0.24143838133717374,0,0.0,0.5052491802727306,1,25.0,0.6820621065610947,2,20.0,0.3579064378556318,3,27.0,0.6473146419896728,0,2.0,0.9840106104633862,5,60.0,0.267734183692101,1,5.0,0.47991027007211323,1,31.0,0.6135933218424618,17,262.0
3505.0,22,192.0,1.2151898734177216,9.078750677517156,4,67.0,0.3209704262985039,0,0.0,0.03726268543554831,1,29.0,0.6859947165142876,2,11.0,0.5818350048657394,4,38.0,0.5096140712107697,0,1.0,0.9388625159190416,7,105.0,0.14970934738326722,1,4.0,0.5356497071472166,1,26.0,0.7362699497342954,20,281.0
3510.0,19,210.0,1.3375796178343948,8.837201858799979,5,93.0,0.287289555940009,0,0.0,1.0,2,33.0,0.5849195929754308,2,21.0,0.6086391126965383,1,7.0,0.5723275731216031,0,0.0,0.9239739290061217,4,87.0,0.17934277019630407,2,8.0,0.5229782063649969,1,45.0,0.7554712488893163,17,294.0
3515.0,20,155.0,0.9872611464968153,8.412385407245678,5,84.0,0.23173395404421532,0,0.0,1.0,3,48.0,0.447719907069513,2,14.0,0.5939623612970264,1,12.0,0.5061127380950541,0,0.0,1.0,1,45.0,0.37754942490366156,3,22.0,0.619081940353102,1,34.0,0.689625103722617,16,259.0
3520.0,18,170.0,1.1111111111111112,8.61529352535588,3,84.0,0.4065545744720095,0,0.0,1.0,2,43.0,0.6671733328046355,1,21.0,0.7150082589020411,2,16.0,0.5283457233356985,0,0.0,1.0,2,37.0,0.2856823116969385,1,14.0,0.8100269272059833,3,36.0,0.5450380119464673,14,251.0
3525.0,16,157.0,1.0397350993377483,8.730747521100625,3,91.0,0.42806569190978594,0,0.0,0.9929291844210635,0,27.0,0.8446673654313288,2,24.0,0.4282825618787763,2,17.0,0.5651559766805576,0,0.0,0.6371364561947769,1,20.0,0.45553719532613957,3,21.0,0.6610705267180462,3,55.0,0.5489733961160501,14,255.0
3530.0,22,206.0,1.3733333333333333,8.888524184012276,3,99.0,0.48027514760127393,0,0.0,0.9859527175182697,0,4.0,0.9236805460050446,3,9.0,0.46177207260552233,1,13.0,0.33411823643291266,0,0.0,0.9677944967528814,3,39.0,0.39384838687809376,4,39.0,0.5640473983392462,4,74.0,0.566161858240955,18,277.0
3535.0,24,200.0,1.3157894736842106,8.1396685326853,2,94.0,0.40773080940146267,0,0.0,0.7988106580975084,1,1.0,0.7812751039976674,1,5.0,0.5564412783676801,3,19.0,0.3281465536817256,0,0.0,1.0,5,61.0,0.20603293129330202,7,29.0,0.2759127946360252,1,42.0,0.7893318932114425,20,251.0
3540.0,16,176.0,1.1655629139072847,8.678430326413002,3,116.0,0.43717040272001184,0,4.0,0.9115657092065048,1,6.0,0.7937764516151097,3,19.0,0.5711373415980091,0,2.0,0.939555973481799,0,1.0,0.9248823867316466,4,43.0,0.3795899193961805,1,21.0,0.31200774298651507,1,22.0,0.46324761493850886,13,234.0
3545.0,14,174.0,1.1917808219178083,8.831256601247125,4,144.0,0.40365922833793827,0,4.0,0.8933788834808872,1,11.0,0.602852714004171,3,20.0,0.3678809968050693,0,5.0,0.8071072019212684,0,1.0,0.9793633844464418,0,18.0,0.6176829592368136,1,9.0,0.5105646354102471,4,32.0,0.36566248234459053,13,244.0
3550.0,17,122.0,0.8299319727891157,8.490258204205688,5,99.0,0.16887841097654646,0,4.0,0.9928201114226665,1,5.0,0.7050027807857665,3,21.0,0.4415080860549493,0,4.0,0.839703597729828,0,0.0,1.0,1,6.0,0.03447799018542078,2,7.0,0.6483045136662647,2,33.0,0.4311734652092739,14,179.0
3555.0,16,105.0,0.7094594594594594,8.90206006501673,6,59.0,0.2817079485992695,0,4.0,0.752131649249669,2,13.0,0.7493932568880712,4,32.0,0.27198148152027485,0,4.0,0.9020839436502094,0,0.0,1.0,1,12.0,0.5138960541780393,2,21.0,0.6033925016074526,1,12.0,0.5188514087460658,16,157.0
3560.0,23,163.0,1.0939597315436242,8.67582454107103,6,81.0,0.3064616817026705,0,4.0,0.9914085814792424,2,19.0,0.5318333054120146,3,21.0,0.41515380716216127,1,6.0,0.6813771385840979,0,2.0,0.9703442562889312,3,17.0,0.41231888234086694,3,35.0,0.4577433672039953,3,21.0,0.5281503748063159,21,206.0
3565.0,19,153.0,1.047945205479452,8.241016747168484,5,83.0,0.3949694236072624,0,4.0,0.982863032437903,2,15.0,0.614151279951701,2,10.0,0.445979877968985,2,14.0,0.5349431592920024,0,2.0,0.9666418716318874,4,37.0,0.3265933596539659,1,17.0,0.5525983288021354,1,9.0,0.6122260636989382,17,191.0
3570.0,17,147.0,1.013793103448276,8.415433337936863,3,84.0,0.44751964299797775,0,4.0,0.9362273525518089,1,7.0,0.7842669501292104,2,13.0,0.5408087440616358,1,5.0,0.48828682268195484,0,0.0,0.9739913092089555,3,44.0,0.3215396600861857,1,8.0,0.548779812877853,0,5.0,0.7074104728457388,11,170.0
3575.0,22,202.0,1.364864864864865,8.598964915392894,5,108.0,0.33959932201261783,0,4.0,0.4744343108754674,1,12.0,0.6959626940030568,2,34.0,0.6598287570749197,3,20.0,0.4497806688450313,0,20.0,0.9311645804883413,1,47.0,0.3697427420979322,1,13.0,0.6369606453293222,1,7.0,0.7085835647401314,14,265.0
3580.0,24,231.0,1.5608108108108107,8.43503375343375,6,93.0,0.2774589895824113,1,9.0,0.4737175738930954,2,11.0,0.5068357209152279,2,41.0,0.6289683912414371,3,35.0,0.6056008362748213,0,12.0,0.9498625202267409,3,51.0,0.3407676028943873,0,4.0,0.771610204913673,1,12.0,0.4978993524277908,18,268.0
3585.0,18,185.0,1.2758620689655173,8.608606561370323,4,86.0,0.3877774523029631,0,0.0,1.0,3,21.0,0.4656539000943437,2,47.0,0.5867648945220753,3,50.0,0.49186441516863366,0,6.0,0.9584543605257827,1,17.0,0.7026520483846067,0,0.0,0.776064271315405,0,0.0,0.9263813635425444,13,227.0
3590.0,21,181.0,1.2147651006711409,8.660631602385433,4,64.0,0.5244464038291738,0,0.0,1.0,3,32.0,0.5303523597491202,2,11.0,0.5262007758756719,3,46.0,0.3597820363372014,0,0.0,0.9582184741490183,1,11.0,0.42314493751077914,0,4.0,0.7986524632583584,0,0.0,0.8486973751516239,13,168.0
3595.0,18,113.0,0.7483443708609272,8.762541726158801,5,63.0,0.32899569825290137,0,0.0,1.0,1,19.0,0.7776819019902953,2,25.0,0.5794573550539478,0,12.0,0.4381246942253682,0,0.0,0.9767933602917852,3,16.0,0.31665639371790605,0,4.0,0.8498911127176834,1,2.0,0.650496924673783,12,141.0
3600.0,19,114.0,0.7549668874172185,8.898023374281667,6,90.0,0.2231050744837502,0,0.0,1.0,0,4.0,0.8921581982339397,4,41.0,0.4653429873487184,0,3.0,0.5268511513548967,0,17.0,0.9795066606254439,2,54.0,0.26760572623575285,0,4.0,0.7297539659981247,0,0.0,0.9178009977796143,12,213.0
