step,system_total_stopped,system_total_waiting_time,system_mean_waiting_time,system_mean_speed,2713455438_stopped,2713455438_accumulated_waiting_time,2713455438_average_speed,370205755_stopped,370205755_accumulated_waiting_time,370205755_average_speed,cluster_2713455439_370205651_370205726_stopped,cluster_2713455439_370205651_370205726_accumulated_waiting_time,cluster_2713455439_370205651_370205726_average_speed,cluster_2713455440_370205753_370205754_stopped,cluster_2713455440_370205753_370205754_accumulated_waiting_time,cluster_2713455440_370205753_370205754_average_speed,cluster_2713455441_492430579_492643882_stopped,cluster_2713455441_492430579_492643882_accumulated_waiting_time,cluster_2713455441_492430579_492643882_average_speed,cluster_370205730_370205735_5216485104_5216485107_#2more_stopped,cluster_370205730_370205735_5216485104_5216485107_#2more_accumulated_waiting_time,cluster_370205730_370205735_5216485104_5216485107_#2more_average_speed,cluster_4150407559_4150407560_491542284_492430582_#1more_stopped,cluster_4150407559_4150407560_491542284_492430582_#1more_accumulated_waiting_time,cluster_4150407559_4150407560_491542284_492430582_#1more_average_speed,joinedS_492643878_492643880_stopped,joinedS_492643878_492643880_accumulated_waiting_time,joinedS_492643878_492643880_average_speed,joinedS_492643897_541338683_stopped,joinedS_492643897_541338683_accumulated_waiting_time,joinedS_492643897_541338683_average_speed,agents_total_stopped,agents_total_accumulated_waiting_time
5.0,0,0.0,0.0,13.94606451932574,0,0.0,1.0,0,0.0,1.0,0,0.0,1.0,0,0.0,1.0,0,0.0,0.9547817692137484,0,0.0,1.0,0,0.0,1.0,0,0.0,0.8978629676540826,0,0.0,1.0,0,0.0
10.0,0,0.0,0.0,13.033507889044309,0,0.0,1.0,0,0.0,0.9814761695059011,0,0.0,0.9598119841191073,0,0.0,1.0,0,0.0,0.9879484595445275,0,0.0,1.0,0,0.0,1.0,0,0.0,0.9632631004729703,0,0.0,1.0,0,0.0
15.0,0,0.0,0.0,12.161686095352012,0,0.0,0.41242829689574995,0,0.0,0.9689151022392007,0,0.0,0.9638698642273602,0,0.0,1.0,0,0.0,0.9252679968565051,0,0.0,0.9650905390151217,0,0.0,1.0,0,0.0,0.8200265679023033,0,0.0,1.0,0,0.0
20.0,1,1.0,0.043478260869565216,9.256908743213655,0,0.0,0.3897005140416355,0,0.0,0.5646272458215557,0,0.0,0.9504825269921476,0,0.0,0.9252679968565051,0,0.0,1.0,0,0.0,0.9906959477621597,0,0.0,0.9890418518868046,1,1.0,0.33184722362734276,0,0.0,0.9090995825651461,1,1.0
25.0,3,9.0,0.3103448275862069,8.496535441362422,1,2.0,0.0009955525309544898,0,0.0,0.9665415737354541,0,0.0,0.9405339256056944,0,0.0,0.9453252320701276,0,0.0,1.0,0,0.0,1.0,0,0.0,1.0,2,7.0,0.46503536317019284,0,0.0,0.9375656334041567,3,9.0
30.0,3,24.0,0.6857142857142857,9.910881168978444,1,7.0,0.0,0,0.0,1.0,0,0.0,0.929056066686825,0,0.0,0.2746995467322433,0,0.0,1.0,0,0.0,1.0,0,0.0,0.6925124615369279,2,17.0,0.5796503072384193,0,0.0,0.9172991985836113,3,24.0
35.0,4,41.0,1.025,10.994615108839858,1,12.0,0.0,0,0.0,1.0,0,0.0,0.9555138156313968,1,2.0,0.45986857970803885,0,4.0,0.7800376519339425,0,0.0,1.0,0,0.0,0.9896499696872385,2,27.0,0.4444016292187682,0,0.0,0.9515059634521361,4,45.0
40.0,7,70.0,1.5555555555555556,9.08913651963721,1,17.0,0.4995548527992559,0,0.0,1.0,1,1.0,0.6971302409626576,1,7.0,0.0,0,4.0,0.9524641885048403,0,0.0,1.0,0,0.0,1.0,4,45.0,0.27169070950450885,0,0.0,0.8962851046890491,7,74.0
45.0,6,72.0,1.44,8.762786438298999,0,0.0,0.6127884093323295,0,0.0,1.0,0,0.0,0.9457275088336481,0,0.0,1.0,0,0.0,0.8946148329685831,0,0.0,1.0,0,0.0,0.9322425570503379,5,70.0,0.21283176698696776,0,4.0,0.7321885952565258,5,74.0
50.0,9,110.0,2.0,9.741508878156754,0,0.0,1.0,0,0.0,1.0,0,0.0,0.9468106112545532,0,0.0,0.9448022209407543,0,0.0,0.7437556046834592,0,0.0,1.0,0,0.0,0.7823345960204513,5,95.0,0.15011161581572016,2,11.0,0.6212532462637325,7,106.0
55.0,10,151.0,2.4754098360655736,9.181451329811551,0,0.0,0.2526747827420396,0,0.0,1.0,0,0.0,0.9606005154764823,0,0.0,0.767210908329707,0,0.0,0.5589686977250231,0,0.0,0.9485581649443118,0,0.0,0.6731985912396962,5,120.0,0.31417484348899694,4,19.0,0.3158662944652386,9,139.0
60.0,15,212.0,3.2615384615384615,8.640401921508527,0,0.0,0.5845761564134955,0,0.0,0.9575042951098822,0,0.0,0.9162264124201575,1,4.0,0.4423259578044543,1,3.0,0.4867173869951321,0,0.0,1.0,1,5.0,0.44085232465979446,5,145.0,0.2711975646951486,4,39.0,0.18536325716231652,12,196.0
65.0,9,132.0,1.8591549295774648,8.201860946131127,0,0.0,0.5230158210562583,0,0.0,0.9613295321317927,0,0.0,0.8224021158106234,2,10.0,0.002555965025358353,0,0.0,0.42825652240535134,0,0.0,1.0,1,6.0,0.5636156584161902,4,85.0,0.4153410579785542,1,11.0,0.7326113487410544,8,112.0
70.0,6,45.0,0.5921052631578947,9.39938420094651,0,0.0,1.0,0,4.0,0.9098163961214508,2,4.0,0.4558738495261349,1,10.0,0.41451320469991804,1,5.0,0.4139086593456164,0,0.0,0.3077840504197843,0,0.0,0.842170859579308,1,67.0,0.5522227426997748,0,4.0,0.9199410370336183,5,94.0
75.0,8,41.0,0.5,10.323512673418087,0,0.0,1.0,0,4.0,0.9574754902548076,3,16.0,0.48590860160355587,0,4.0,0.7438442449033141,1,6.0,0.5211486688837914,0,0.0,0.9496515655394527,0,4.0,0.5997974878905414,3,15.0,0.48452149892714536,1,32.0,0.7195081762156825,8,81.0
80.0,11,88.0,1.0114942528735633,9.893296062254674,0,2.0,0.9346993452007575,0,4.0,0.9474007313246323,3,31.0,0.3230492370518198,0,4.0,0.7790900631575446,1,11.0,0.7000964982556104,0,0.0,0.8428295378316027,3,11.0,0.0010978021905362922,3,30.0,0.43104693651488474,1,37.0,0.6599854248884925,11,130.0
85.0,11,62.0,0.6888888888888889,8.72675052658975,0,2.0,0.8948546871523062,0,4.0,0.936228605082434,1,16.0,0.6071633884009457,1,11.0,0.6308148697159004,1,16.0,0.7203046061263793,0,0.0,1.0,1,6.0,0.14815366713119718,4,20.0,0.0012610460024155223,2,33.0,0.4020340247586498,10,108.0
90.0,8,50.0,0.5154639175257731,9.041889827690806,0,6.0,0.5045500785513877,0,4.0,0.9199972426235453,0,0.0,0.945533859168303,1,16.0,0.6178667958513263,0,4.0,0.4771542797035049,0,0.0,1.0,0,5.0,0.7085197775658362,2,29.0,0.348767587686685,2,41.0,0.5182454128141818,5,105.0
95.0,11,85.0,0.8415841584158416,9.027214402503906,2,12.0,0.3886806326328829,0,4.0,0.9392125143423193,0,4.0,0.9288956971731965,0,4.0,0.9002016799726377,0,4.0,0.5208272584055588,0,0.0,1.0,0,5.0,0.898118660601562,2,39.0,0.5457729629942454,5,63.0,0.3475317718646223,9,135.0
100.0,14,145.0,1.380952380952381,9.21371777320487,2,15.0,0.5377032558419148,0,0.0,0.8404501521299412,0,0.0,0.6508327991299253,0,0.0,0.8033086332319617,1,9.0,0.7502604223681222,0,0.0,1.0,0,5.0,0.7367104697416894,2,49.0,0.5815002301334785,7,95.0,0.25709069664625817,12,173.0
105.0,14,106.0,0.9814814814814815,8.751249499365956,2,25.0,0.49465112888979385,1,3.0,0.6442194075647748,1,1.0,0.6464218648016599,0,0.0,0.9306995841105835,1,10.0,0.7378164121138201,0,0.0,0.9476029681270164,0,5.0,0.7107810606348027,1,4.0,0.7288060566510571,5,48.0,0.2442599527130106,11,96.0
110.0,12,90.0,0.7964601769911505,9.087382262013683,3,39.0,0.3969872770142321,0,8.0,0.6528129572697854,1,6.0,0.7206458128187705,0,8.0,0.82721164198679,0,0.0,0.6537450236904238,0,0.0,0.9615692492098806,1,9.0,0.6969086825263379,3,14.0,0.49001349892403456,1,49.0,0.29426183180435606,9,133.0
115.0,19,152.0,1.3103448275862069,9.320285307064264,3,35.0,0.2715328421848106,1,13.0,0.6301768393723567,1,11.0,0.7540811081437074,0,12.0,0.9210827396522675,2,15.0,0.6047225133683506,0,0.0,1.0,3,18.0,0.29921241663102877,5,33.0,0.40839576191837634,2,41.0,0.5230557248512281,17,178.0
120.0,20,183.0,1.564102564102564,9.32713830078807,2,18.0,0.3158520626515314,1,18.0,0.6904494900860447,1,16.0,0.8319279815174968,1,10.0,0.6283762325547813,2,25.0,0.5626168512280035,0,0.0,1.0,4,34.0,0.3240265107195423,6,61.0,0.3853486720834013,2,32.0,0.5727030095745561,19,214.0
125.0,20,213.0,1.805084745762712,8.732820720587604,4,33.0,0.26911602381915334,1,23.0,0.6968187474437574,0,0.0,0.9570481993271719,2,12.0,0.570055867820105,2,35.0,0.536202875608871,0,4.0,0.5721380208843687,1,19.0,0.43024534076623216,6,70.0,0.360626987466268,2,42.0,0.628831448752407,18,238.0
130.0,11,85.0,0.6967213114754098,8.725632510934075,5,55.0,0.13185141631070207,0,4.0,0.952038580253458,0,0.0,0.9477771829625564,1,10.0,0.6756630248811643,1,13.0,0.5183792957217378,0,0.0,0.8938998978669828,1,8.0,0.5996216866584441,2,62.0,0.33408791334666743,1,5.0,0.6358763633250829,11,157.0
135.0,11,96.0,0.768,8.722561166474351,3,48.0,0.33502418694747654,0,4.0,0.8149027146600698,0,4.0,0.8967310818703336,0,0.0,0.6924148697087303,1,11.0,0.46401752229174564,0,0.0,0.8982728844424821,2,11.0,0.4782656147119661,4,58.0,0.46224670585314676,1,6.0,0.38057290870441696,11,142.0
140.0,19,162.0,1.296,8.938327095381199,3,53.0,0.438484746740047,0,0.0,0.9358137080261018,0,5.0,0.9011324042400695,1,9.0,0.5284598785814671,2,15.0,0.5683132340986383,0,0.0,1.0,4,27.0,0.31187237459102907,7,73.0,0.3393554523152847,1,11.0,0.5804876814522892,18,193.0
145.0,22,234.0,1.786259541984733,9.234704707750227,3,64.0,0.3954321725900458,0,0.0,0.9417060691631979,0,5.0,0.8435208762977471,4,31.0,0.5623727903781355,3,26.0,0.5896580113575862,0,0.0,0.8083820919941895,3,12.0,0.36916396916485356,7,108.0,0.32258682909627634,1,16.0,0.622526715269851,21,262.0
150.0,14,172.0,1.2932330827067668,9.406512572120333,3,79.0,0.36635786375828666,0,0.0,0.925345582737883,1,9.0,0.8168273291667195,0,15.0,0.6234886444262294,2,24.0,0.6299454996700671,0,0.0,0.8709914388797846,0,5.0,0.6483928315334538,5,66.0,0.32398519369042417,1,3.0,0.178117991929432,12,201.0
155.0,14,179.0,1.3458646616541354,9.541092232144795,4,81.0,0.28389041449613717,0,0.0,0.9957792409434669,2,17.0,0.5990778559652976,0,0.0,0.9433938143531403,1,21.0,0.5145468295386832,0,21.0,0.6536685872809236,0,8.0,0.836814755408728,6,86.0,0.40986341170137575,0,0.0,0.6070540003852676,13,234.0
160.0,21,262.0,1.9407407407407407,9.340093711213466,5,108.0,0.25043195497777454,0,0.0,0.9451313595931492,5,39.0,0.39020695664833904,1,1.0,0.7216357084091362,3,23.0,0.48730092535017155,0,19.0,0.95451823419717,0,11.0,0.738906051592398,6,112.0,0.4138908620499851,0,8.0,0.9566490362602339,20,321.0
165.0,23,353.0,2.5579710144927534,9.2879888886227,7,139.0,0.3792587544420522,0,0.0,0.6924179029260991,3,38.0,0.521798720767979,1,10.0,0.7017209526113141,5,42.0,0.45234962007457347,0,0.0,0.8230699478822363,0,11.0,0.7913502081973313,7,146.0,0.3071546683157377,0,4.0,0.9289300359744243,23,390.0
170.0,21,330.0,2.408759124087591,8.742135320763921,8,176.0,0.32287803877006976,1,3.0,0.46179986275228463,1,32.0,0.5779177690401709,2,27.0,0.4457713465932859,3,42.0,0.6250827314935026,0,0.0,1.0,1,18.0,0.6414934607955052,4,102.0,0.3853184838952006,0,0.0,0.9261875854428936,20,400.0
175.0,26,249.0,1.7785714285714285,8.234609393541888,9,155.0,0.1147845395532392,0,0.0,0.9777930111362179,2,16.0,0.47226912801407817,3,37.0,0.45357598428306195,1,18.0,0.42769610727420315,0,0.0,0.929564106065113,3,29.0,0.6539161744518298,4,61.0,0.43179299463406723,1,1.0,0.6669624783079178,23,317.0
180.0,26,234.0,1.647887323943662,8.996894272467328,6,133.0,0.23388072481693697,0,0.0,0.9418488892405612,3,29.0,0.22658776695315022,4,47.0,0.5140284864183434,1,15.0,0.5734276356993072,0,0.0,0.9822542168300021,5,50.0,0.5588893987995643,4,57.0,0.5723687692532614,2,8.0,0.3290421073495423,25,339.0
185.0,25,251.0,1.792857142857143,8.501334007908817,9,115.0,0.2830006723648414,0,0.0,0.9202500384774932,1,8.0,0.6451841520828864,2,13.0,0.6858255228182754,2,21.0,0.6484912297716839,0,0.0,1.0,6,39.0,0.3143916402612653,4,77.0,0.4079058511782492,0,0.0,0.9840499290139888,24,273.0
190.0,25,238.0,1.7,7.993131204129564,10,158.0,0.22643041018697332,0,0.0,0.9542056189673112,1,1.0,0.7097173684109628,3,18.0,0.5063889671584061,1,13.0,0.6493590269464968,0,0.0,0.9682235420317058,5,52.0,0.2645317352751606,4,46.0,0.26997949841830704,0,10.0,0.8887138663727816,24,298.0
195.0,36,355.0,2.4315068493150687,7.566083109666918,11,210.0,0.22871549216195433,0,0.0,0.9287394257175186,1,10.0,0.6621166272536885,6,50.0,0.5353768602056603,3,27.0,0.39460943417813493,0,0.0,0.8810366073626967,7,73.0,0.2552610058849263,5,28.0,0.36459373912419046,0,14.0,0.8762151967832859,33,412.0
200.0,46,457.0,3.0264900662251657,6.800053563964628,11,191.0,0.16299337252670754,0,0.0,0.7264609262011602,2,23.0,0.6054610458912534,9,91.0,0.26445298193223993,6,47.0,0.3502849714727781,0,0.0,1.0,8,106.0,0.08049497119464592,4,49.0,0.37205915264910505,1,15.0,0.7707771682531459,41,522.0
205.0,42,425.0,2.814569536423841,6.543451909300296,5,157.0,0.290366834051954,1,5.0,0.6107059858654692,1,13.0,0.6532358633262457,8,80.0,0.21479147783466349,8,82.0,0.26435919002478836,0,0.0,0.9367891823942643,6,98.0,0.1366171360492273,5,66.0,0.3062426031095208,0,4.0,0.802527999433849,34,505.0
210.0,24,315.0,2.032258064516129,7.880329869075051,6,117.0,0.3653308168526463,1,10.0,0.7086696252189539,0,5.0,0.7011986574439875,0,45.0,0.5309506714311346,6,90.0,0.11023630312993357,0,0.0,1.0,0,66.0,0.500875912382614,7,91.0,0.2059286219886395,0,4.0,0.7306883394574866,20,428.0
215.0,20,317.0,2.032051282051282,9.012026727136705,6,144.0,0.42557116942191214,1,15.0,0.5915734056990349,0,4.0,0.7174145946268196,0,15.0,0.8238980057432659,3,66.0,0.05710566370094719,0,0.0,0.8218617543357232,0,31.0,0.6345246190535957,6,119.0,0.10520001976793984,2,29.0,0.41410008942214493,18,423.0
220.0,24,349.0,2.2371794871794872,9.074480894093114,6,130.0,0.29534673364211983,0,0.0,0.5083626389951097,0,4.0,0.7362749205411705,0,6.0,0.6855641431760637,1,40.0,0.4616321976928342,0,0.0,0.9053523052347139,1,7.0,0.5753700887879167,8,153.0,0.00039472514620316704,6,57.0,0.4430807843511144,22,397.0
225.0,27,305.0,1.9426751592356688,8.741710206355284,6,149.0,0.44136986261420197,2,7.0,0.18936252519535787,0,4.0,0.9118363331344019,2,13.0,0.7142288649463446,1,17.0,0.6946994400404429,0,0.0,1.0,3,8.0,0.40827149519046785,8,193.0,0.0,2,52.0,0.5274301678771323,24,443.0
230.0,19,302.0,1.9113924050632911,8.510727722049598,6,121.0,0.32059449948282137,2,17.0,0.15999904352737596,1,1.0,0.4586441964891432,0,5.0,0.6652159397695219,0,1.0,0.7977320463063787,0,0.0,1.0,2,18.0,0.5019214753489776,6,218.0,0.26315897559462653,1,45.0,0.6278211980182674,18,426.0
235.0,37,456.0,2.8860759493670884,7.570280075951164,10,165.0,0.2940294866011133,2,27.0,0.3172405636592577,1,6.0,0.6102970355091037,4,38.0,0.3689154585029905,0,9.0,0.47250742434902615,0,0.0,1.0,3,36.0,0.2677105196844308,7,250.0,0.42894473919614,3,50.0,0.3570145043050092,30,581.0
240.0,48,646.0,4.167741935483871,7.112038792884851,12,221.0,0.21213523753077235,1,18.0,0.4449175832392444,1,15.0,0.5360441265599322,8,71.0,0.27637674586460836,1,14.0,0.6627965166149181,0,0.0,0.9827266379052382,6,63.0,0.11470284175576842,7,285.0,0.4297901157632112,5,71.0,0.3594166088271177,41,758.0
245.0,40,641.0,4.245033112582782,6.896451408315804,10,199.0,0.28495766362116304,0,0.0,0.9583393657936838,0,4.0,0.941450081486709,8,116.0,0.2506247548138057,1,19.0,0.772299333756215,0,0.0,0.9738257138470332,5,43.0,0.14211335596100486,8,317.0,0.2833434204074363,2,28.0,0.3877726580854465,34,726.0
250.0,29,598.0,4.04054054054054,7.830236463467938,6,189.0,0.30572153498750815,0,4.0,0.8999886781851865,0,4.0,0.9415855690945513,7,88.0,0.4233732158899424,1,10.0,0.4147099799013264,0,0.0,0.9515461543822168,1,31.0,0.6753614218049903,9,361.0,0.20126787138440594,0,0.0,0.7091768824452339,24,687.0
255.0,22,593.0,3.8758169934640523,8.651718987473537,7,157.0,0.1941871774738457,0,8.0,0.9233313793443485,0,12.0,0.866705070746151,1,24.0,0.5261291572256825,2,15.0,0.3625592106291896,0,0.0,1.0,1,31.0,0.6082624135953941,7,386.0,0.3397981464025834,1,4.0,0.6076965341736887,19,637.0
260.0,26,686.0,4.341772151898734,9.354395250453532,8,196.0,0.07669569937754481,0,8.0,0.9481445080687281,0,8.0,0.9423385809417574,2,42.0,0.6541592163171911,3,31.0,0.5397305265671357,0,0.0,1.0,2,49.0,0.46208567254571314,7,421.0,0.33751518003425235,1,37.0,0.7411058779285534,23,792.0
265.0,32,780.0,4.90566037735849,8.677073557104976,8,222.0,0.23501123317419967,0,8.0,0.9438110416889252,0,4.0,0.907415882470793,1,47.0,0.7023806138959425,4,44.0,0.5945229441085708,0,0.0,0.3328327069689536,3,52.0,0.35249115732635794,9,459.0,0.27946061502926317,0,40.0,0.7620181437116327,25,876.0
270.0,26,800.0,5.063291139240507,8.07722797568347,6,223.0,0.1559660648660477,0,8.0,0.780359851314387,0,4.0,0.8195084811561117,0,36.0,0.5326379757074937,2,18.0,0.6427698362070876,0,0.0,0.9148815040027564,0,44.0,0.4356338641163316,10,503.0,0.2713515527076771,2,53.0,0.5639728721308893,20,889.0
275.0,30,885.0,5.60126582278481,7.759369236376448,9,265.0,0.0981343962149173,1,12.0,0.7748408408912766,1,5.0,0.7263904680699467,4,51.0,0.43444658573433265,0,11.0,0.431945396068564,0,1.0,0.923771048119653,0,35.0,0.485192967713528,9,538.0,0.24453878053638295,3,68.0,0.5132076378044039,27,986.0
280.0,39,1062.0,6.679245283018868,7.713066851546609,9,306.0,0.06716375450496441,0,8.0,0.9846722327792624,2,12.0,0.7299878374142312,6,83.0,0.44653282168337727,3,11.0,0.3742536330528957,0,0.0,1.0,1,34.0,0.5213976582599673,9,581.0,0.20044037333631742,5,90.0,0.3506008379194753,35,1125.0
285.0,46,1101.0,6.838509316770186,7.264326385487057,8,274.0,0.10645232068928129,3,13.0,0.014625503480402306,5,30.0,0.578367964921795,9,123.0,0.2757064354025267,4,29.0,0.4384494490368791,0,0.0,1.0,2,19.0,0.5396706162649878,11,632.0,0.14788719150198792,3,53.0,0.3618097040122983,45,1173.0
290.0,38,942.0,5.814814814814815,7.749358268447757,4,235.0,0.20799761907107392,4,32.0,5.978878109918078e-06,6,62.0,0.5514499347346045,7,70.0,0.39287638672939257,2,20.0,0.6238282420186679,0,4.0,0.9433816731943736,1,30.0,0.6050424525461742,11,687.0,0.14798524930956156,1,33.0,0.7195499410412,36,1173.0
295.0,27,618.0,3.7454545454545456,8.234696921587043,4,139.0,0.39344876483336977,4,52.0,0.18828906556353683,3,27.0,0.6747069303189376,1,74.0,0.4752794335024905,1,1.0,0.48056150660791364,0,0.0,0.9465739243457784,2,43.0,0.46106262100773343,10,454.0,0.28803115782747446,1,37.0,0.5898185705057447,26,827.0
300.0,20,258.0,1.5636363636363637,8.420097929247662,4,132.0,0.44360677610624555,2,30.0,0.48547820426158017,1,19.0,0.6070536269125003,0,43.0,0.6098381361904176,1,10.0,0.4555425730755407,0,0.0,0.9121408074267034,4,62.0,0.3699892480159001,4,224.0,0.42870269564239505,3,23.0,0.39322597594555697,19,543.0
305.0,18,220.0,1.3333333333333333,8.404476755605586,4,85.0,0.38031508196861896,0,0.0,0.8830846861109876,2,18.0,0.6470802639388619,0,11.0,0.823427442549826,2,23.0,0.6543806259755638,0,0.0,0.8337624810489485,0,28.0,0.4903514633542667,4,109.0,0.4211575886839806,4,46.0,0.2635945304117907,16,320.0
310.0,14,174.0,1.029585798816568,8.958492774203918,1,50.0,0.4993075104867925,1,2.0,0.4541036373558457,3,32.0,0.567248508494331,0,6.0,0.8420221974651851,0,8.0,0.8997932136383515,0,0.0,0.9731412954946115,1,19.0,0.40642277555260514,6,121.0,0.2991931546808047,1,13.0,0.7401144312148078,13,251.0
315.0,25,252.0,1.5089820359281436,8.439919279332383,3,15.0,0.30968742813900035,1,7.0,0.5139777120568788,4,48.0,0.47150780673693155,0,4.0,0.8299526047450068,0,4.0,0.5869167286463374,0,1.0,0.8358803684547933,3,25.0,0.3001112525099486,10,167.0,0.24283408188716882,0,4.0,0.9500251923718745,21,275.0
320.0,30,275.0,1.6272189349112427,7.972793721558025,4,36.0,0.3868751947074145,0,0.0,0.9450354983411229,2,30.0,0.5381559542254645,1,6.0,0.6236213418727016,1,8.0,0.2746465013974228,0,0.0,0.9946727881601726,7,56.0,0.14399001860514232,10,137.0,0.25170966214054596,0,0.0,0.9084534056715781,25,273.0
325.0,26,195.0,1.1890243902439024,7.889246159251377,3,33.0,0.4905193808880456,0,0.0,0.8931658792063849,0,7.0,0.8333749656403429,3,12.0,0.47932658092008634,3,23.0,0.2988733957181306,0,0.0,0.9694743130809997,5,33.0,0.31774988024642675,3,79.0,0.3798418645515251,2,3.0,0.47524916073752027,19,190.0
330.0,18,162.0,0.9938650306748467,8.685770192173585,4,40.0,0.46799091988014274,0,0.0,0.8747731120022462,0,0.0,0.7973364605263085,2,17.0,0.4881905370541938,2,25.0,0.5336926497568778,0,0.0,0.9346842315462274,0,9.0,0.7737368643428462,3,75.0,0.4971945888280135,1,5.0,0.41125333305484835,12,171.0
335.0,20,201.0,1.2641509433962264,8.993569090180575,4,60.0,0.4485640367801127,0,4.0,0.9236782808716748,0,4.0,0.7153335548711147,5,32.0,0.4535570048707527,0,17.0,0.6809154263063315,0,0.0,0.9549812486070081,0,6.0,0.7081545555964265,4,78.0,0.3473210216329315,2,15.0,0.5815989913080684,15,216.0
340.0,23,298.0,1.8625,9.015402604969658,4,84.0,0.4796923250881898,0,4.0,0.9442154006240451,0,0.0,0.8995624476305852,5,54.0,0.41479665678064426,0,9.0,0.6563017713777768,0,0.0,1.0,2,13.0,0.5372657128396061,6,104.0,0.19194115198112915,2,25.0,0.647260346025131,19,293.0
345.0,25,358.0,2.1566265060240966,8.704096257170288,5,105.0,0.3564694625805032,0,4.0,0.9310867610050394,0,4.0,0.8879546556202987,4,25.0,0.54435246528129,1,6.0,0.6535141837661983,0,0.0,0.9503290080223903,2,79.0,0.2877664923900667,7,139.0,0.20460946075683,2,40.0,0.6792475954459725,21,402.0
350.0,24,338.0,2.0609756097560976,8.583140571075873,5,104.0,0.30869501365010693,0,4.0,0.9021758709839812,0,4.0,0.904284883356428,3,23.0,0.5560815950479898,1,13.0,0.6440183375244767,0,0.0,0.947020093628444,4,131.0,0.2145390025373188,7,174.0,0.1983753340841244,0,10.0,0.6186469135874273,20,463.0
355.0,25,401.0,2.4451219512195124,8.642073517066876,4,109.0,0.28660689916115784,0,4.0,0.9268098402727509,0,4.0,0.9017928995176137,5,79.0,0.46188547338979935,1,8.0,0.5639874892716694,0,0.0,1.0,5,137.0,0.22186080231918406,8,218.0,0.30741314232512196,2,24.0,0.4693259529723416,25,583.0
360.0,29,542.0,3.3048780487804876,8.817862133035192,4,119.0,0.26068747190740404,0,4.0,0.9615441769718394,0,4.0,0.9055000883440633,5,110.0,0.573216751433354,1,10.0,0.5092997691017335,0,0.0,0.955586873644817,5,166.0,0.3253584414965339,8,258.0,0.3838603825435998,5,43.0,0.21573975474728405,28,714.0
365.0,32,611.0,3.7950310559006213,7.781009117935883,7,144.0,0.1318378220163457,0,4.0,0.6691751707725785,0,4.0,0.9326709868828732,3,102.0,0.5597408032884267,2,3.0,0.3203213350885837,0,0.0,0.6315447251810093,4,150.0,0.2915929403315285,9,301.0,0.29657076953125167,6,72.0,0.24310464678320937,31,780.0
370.0,34,434.0,2.6303030303030304,7.174448649628081,5,118.0,0.25465526285273454,0,0.0,0.9598125416786112,0,4.0,0.7287445418224852,3,93.0,0.28447802828823937,4,21.0,0.1136473919911731,0,6.0,0.9697181815943017,4,73.0,0.2636140388243109,9,229.0,0.15657001139424453,5,57.0,0.22122471470561933,30,601.0
375.0,31,204.0,1.2439024390243902,7.0597621845908565,3,79.0,0.3206448644436216,0,4.0,0.9478005383320427,4,12.0,0.3998671403961938,8,91.0,0.13330611971093803,4,45.0,0.0959098647090966,0,6.0,0.9715519838821172,4,72.0,0.18292754969769898,6,198.0,0.10885501562948918,0,18.0,0.7132892158407438,29,525.0
380.0,35,355.0,2.1646341463414633,7.674189983421956,4,32.0,0.43287374510026677,0,8.0,0.9327751664609495,4,25.0,0.5637679952644769,9,136.0,0.13220268082080222,4,61.0,0.23570190805441363,0,0.0,0.9662817026634924,7,80.0,0.19980625385529066,5,152.0,0.38459976896777986,0,8.0,0.8404792410063352,33,502.0
385.0,29,343.0,2.117283950617284,7.685702194449016,5,56.0,0.4594493626513912,0,8.0,0.9399259272708994,0,14.0,0.8011406058100231,5,98.0,0.30965031745022337,2,38.0,0.48693658217880226,0,0.0,0.9511236411292843,7,59.0,0.12692665829809563,5,108.0,0.4867063598551154,1,10.0,0.7046219138970399,25,391.0
390.0,22,206.0,1.2875,8.204371118683042,2,39.0,0.6269771877216466,0,4.0,0.7913621720961167,1,1.0,0.5794456510650757,1,38.0,0.6303091736591442,0,19.0,0.7132591825490863,0,0.0,0.9689462111511595,7,76.0,0.2528230934788028,4,76.0,0.4458286682225426,0,0.0,0.6505447879972477,15,253.0
395.0,25,204.0,1.2670807453416149,8.723352118704286,3,44.0,0.4345763835000403,1,8.0,0.6689694773801564,4,22.0,0.539353035103215,2,23.0,0.6729137992366767,0,0.0,0.9330721501061692,0,4.0,0.8332835462137644,7,79.0,0.1634942343849912,3,35.0,0.45674202827525356,0,8.0,0.7151052762769581,20,223.0
400.0,25,285.0,1.716867469879518,9.082327706320479,5,70.0,0.43295442314706345,1,13.0,0.7278103812319131,0,9.0,0.7853111704553284,2,33.0,0.7382146451214255,0,8.0,0.7743038223334185,0,0.0,0.794198350667269,7,114.0,0.12449777386400772,4,51.0,0.4475546009145569,1,41.0,0.7265268137894375,20,339.0
405.0,27,360.0,2.155688622754491,9.385595162914804,6,100.0,0.4593474547554574,1,18.0,0.7209642139431021,1,7.0,0.6684702712114283,2,39.0,0.7052909129264,0,5.0,0.8323918147574414,0,0.0,0.9737417021106283,5,89.0,0.21156046080974614,5,73.0,0.4564982148707299,2,78.0,0.7113482587347122,22,409.0
410.0,23,257.0,1.5481927710843373,8.518900931317233,6,84.0,0.30638007512620724,1,5.0,0.6132109308507997,4,20.0,0.48016612407811293,2,38.0,0.6393398902070238,1,6.0,0.8204240325586967,0,0.0,0.9299255865602544,1,34.0,0.48962462261204387,4,88.0,0.3741593204037789,0,59.0,0.4947747988062983,19,334.0
415.0,29,325.0,1.9696969696969697,8.549470869713632,6,99.0,0.30947660000072813,1,9.0,0.6283452698610763,4,48.0,0.6071063075213428,2,48.0,0.5147543241186053,2,14.0,0.6763681021165232,0,0.0,0.9623989482882379,1,11.0,0.3764650478909497,5,102.0,0.2201441796640193,2,10.0,0.254451215450371,23,341.0
420.0,35,457.0,2.7696969696969695,8.299060813880175,7,108.0,0.2276836407986742,1,15.0,0.73986533849773,3,36.0,0.509686945960099,3,62.0,0.3184952687719814,5,32.0,0.5123917352276451,0,7.0,0.9358996175925416,2,21.0,0.34237683542551606,6,131.0,0.36651472814641756,2,20.0,0.0,29,432.0
425.0,26,424.0,2.56969696969697,8.352396974901273,8,138.0,0.29299600465198494,1,20.0,0.7443880171736931,0,22.0,0.42075480950939426,1,9.0,0.6700243792000036,4,27.0,0.3835982247448466,0,7.0,0.9459566520292384,1,18.0,0.6245202135693773,6,158.0,0.418124368758329,2,37.0,0.5436675563646891,23,436.0
430.0,25,490.0,3.0246913580246915,8.870439317654187,10,175.0,0.20703267910744919,1,25.0,0.5603561894503197,0,3.0,0.6752779234797962,0,1.0,0.7488452297748406,1,12.0,0.5002646460446197,0,0.0,0.9930996724651284,1,12.0,0.6546183330852349,6,188.0,0.38199255618121564,2,43.0,0.5702950702398949,21,459.0
435.0,23,375.0,2.3734177215189876,8.985217260027817,11,237.0,0.20333552776515085,0,5.0,0.9386011643099629,0,0.0,0.9528035215082141,1,9.0,0.7147528420878407,1,9.0,0.6210232049938691,0,0.0,1.0,1,10.0,0.5212792831377081,7,126.0,0.1623077878394929,0,3.0,0.8853954034698351,21,399.0
440.0,28,329.0,2.069182389937107,8.595139527834695,10,224.0,0.15431573039119462,0,5.0,0.9541008463668313,0,0.0,0.8208753521114669,3,21.0,0.5923355596115083,2,23.0,0.47409214172468056,0,0.0,1.0,3,41.0,0.3851179600285213,5,85.0,0.3570531132397845,1,6.0,0.6290417694474703,24,405.0
445.0,32,396.0,2.5384615384615383,8.11549409299986,7,218.0,0.18141700886402445,0,1.0,0.9595181559858348,1,3.0,0.5144229823519397,2,16.0,0.6877776138138852,3,37.0,0.526254089088288,0,0.0,0.8139928847757733,7,64.0,0.27828299462153505,5,58.0,0.33508626663685204,1,11.0,0.8007838042170735,26,408.0
450.0,29,466.0,2.9871794871794872,8.773915515009886,8,243.0,0.28489609341302885,0,0.0,0.931724380400384,3,16.0,0.5988841823706389,0,4.0,0.7612268405151564,0,8.0,0.7627830736222768,0,0.0,0.899224826417993,4,31.0,0.31491864305935,6,88.0,0.3988159580845769,1,12.0,0.7413875387835048,22,402.0
455.0,27,495.0,3.235294117647059,8.44286856555616,8,283.0,0.2417536531196537,0,0.0,0.9674255081155119,3,31.0,0.612987225818253,2,11.0,0.5787007416665054,0,8.0,0.7191363654574997,0,0.0,1.0,0,24.0,0.7385978363851688,4,64.0,0.32276058912286276,2,2.0,0.5354131113305884,19,423.0
460.0,25,527.0,3.4444444444444446,8.619304166133333,7,302.0,0.1610385812480294,0,0.0,0.9576700053841479,1,13.0,0.7275769234265954,2,21.0,0.6321762945351898,1,11.0,0.5957310157856929,0,0.0,1.0,1,29.0,0.5105647843042866,1,33.0,0.5132449285930353,3,20.0,0.5075002836384309,16,429.0
465.0,25,522.0,3.48,8.957213405295024,7,325.0,0.1722664845714285,0,2.0,0.9446060275046666,0,0.0,0.8901800086067646,2,21.0,0.6374303920942768,3,22.0,0.3777422055231948,0,1.0,0.946696996813107,2,40.0,0.3925509804684379,2,33.0,0.4754041409718042,3,35.0,0.475993101044264,19,479.0
470.0,24,496.0,3.3066666666666666,9.370191456819374,7,360.0,0.21869457492076894,0,2.0,0.9337229807606329,0,0.0,0.931466501115005,1,10.0,0.45888605903114843,4,25.0,0.5865127400491322,0,1.0,0.9482549224627945,2,34.0,0.6202644437308614,3,45.0,0.3193083223442046,4,54.0,0.4737444459570875,21,531.0
475.0,21,493.0,3.3767123287671232,8.58656767709088,7,391.0,0.09067972846477185,0,0.0,0.9756175881321238,0,0.0,0.8569100580920112,4,78.0,0.5010917531633198,0,14.0,0.712942059558479,0,0.0,0.9747517633698053,2,17.0,0.41237425799824395,3,47.0,0.38324197548925626,4,34.0,0.36333882544340856,20,581.0
480.0,28,562.0,3.8758620689655174,8.54007650467127,8,428.0,0.01765361723547521,0,0.0,0.8309477556669851,0,0.0,0.9532814273790304,6,129.0,0.45205722769536605,0,8.0,0.6639203334192846,0,0.0,0.9811830672571696,7,54.0,0.21709623843179154,3,59.0,0.3894215955016436,0,5.0,0.7023679845939506,24,683.0
485.0,29,598.0,4.152777777777778,8.631281277050094,8,386.0,0.16962331899023586,0,0.0,0.9119857331855701,1,1.0,0.8370795241060551,8,159.0,0.3580567238843687,0,4.0,0.8079659682356339,0,0.0,0.9598777884687624,7,82.0,0.2665959770599185,4,78.0,0.4776211185162687,1,33.0,0.6870490384929575,29,743.0
490.0,26,278.0,1.904109589041096,8.084126300664085,3,329.0,0.3339302515741253,1,1.0,0.42542803898499115,1,6.0,0.7215161764755629,7,156.0,0.3873440004343323,1,6.0,0.7044467534012204,0,0.0,0.9288516469381386,5,62.0,0.41940794256082387,5,74.0,0.4177902180608715,2,43.0,0.5520021822392763,25,677.0
495.0,17,128.0,0.8888888888888888,8.218946111488075,3,119.0,0.4895546226770962,1,2.0,0.49234804329324816,2,16.0,0.656841967882604,2,156.0,0.4965688635433263,2,19.0,0.5053391438370148,0,0.0,0.7336951938819536,0,27.0,0.24144153131980703,2,16.0,0.5068508054704544,5,62.0,0.3446433128539706,17,417.0
500.0,16,134.0,0.9305555555555556,8.341369429609355,4,56.0,0.2881489014418659,0,0.0,0.8695305612554107,4,34.0,0.5016849720306077,0,122.0,0.6328842406151495,0,12.0,0.5491854861528159,0,0.0,1.0,3,29.0,0.38553398886046514,3,31.0,0.47128597578309994,2,17.0,0.3380367242785467,16,301.0
505.0,21,177.0,1.2206896551724138,9.013855495921247,5,70.0,0.3224050652000497,0,8.0,0.9664307573204813,3,13.0,0.5183012591558012,0,59.0,0.693416438792035,2,24.0,0.6587022125741963,0,0.0,1.0,4,40.0,0.19413280050253634,5,54.0,0.49637927693657086,1,10.0,0.6720510583266727,20,278.0
510.0,20,211.0,1.4452054794520548,8.399200308162104,4,89.0,0.19249051616481777,0,8.0,0.8211383152505566,0,5.0,0.5641338603838844,1,18.0,0.7390912912581001,2,30.0,0.644983334920933,0,0.0,0.7859630609753646,4,26.0,0.2983749855872959,5,83.0,0.4057377432363862,1,16.0,0.4782356979728327,17,275.0
515.0,28,272.0,1.8013245033112584,8.938337865007686,6,115.0,0.22837017215670102,1,3.0,0.7747613257929477,1,3.0,0.6265675979491862,1,13.0,0.7219281071181818,2,40.0,0.587667302373724,0,0.0,0.8121659598372305,4,32.0,0.5243364499271597,6,57.0,0.22135470922813985,2,26.0,0.6941816733074643,23,289.0
520.0,25,295.0,1.9666666666666666,8.309117507253688,7,149.0,0.18353690362312794,0,0.0,0.6848246565696711,2,9.0,6.171327621728616e-06,2,15.0,0.4276173324465975,1,15.0,0.6079131838088413,0,0.0,0.9279353567890835,5,53.0,0.39447049733580236,3,40.0,0.28406432694271705,2,35.0,0.7128225623425236,22,316.0
525.0,31,346.0,2.276315789473684,7.670055887889451,8,179.0,0.17439900814525372,1,4.0,0.7258322547684607,0,0.0,0.9602149762181411,2,6.0,0.3728541930700658,1,14.0,0.6821843306244,0,0.0,0.9370747294532266,9,88.0,0.1536599034383948,3,45.0,0.27353670992521806,1,11.0,0.5331482156454759,25,347.0
530.0,36,454.0,2.986842105263158,7.9007895419882,9,210.0,0.21617897260926175,1,13.0,0.7680206090315705,0,0.0,0.46609833758980734,1,10.0,0.7282006949213162,3,22.0,0.5291924202787758,0,0.0,1.0,8,78.0,0.2918046892309233,3,68.0,0.6083653688244971,2,21.0,0.6322220366069514,27,422.0
535.0,28,415.0,2.6948051948051948,8.231964630472449,11,271.0,0.20996514600118094,2,16.0,0.4701773208730322,1,5.0,0.4771226521825181,2,16.0,0.7078898430717058,4,41.0,0.6282532988054065,0,0.0,0.9606657025875255,0,54.0,0.5373272754328066,3,83.0,0.6548210817910398,2,15.0,0.019571571221839664,25,501.0
540.0,31,450.0,2.9220779220779223,8.00186362015777,13,337.0,0.21588076750124707,2,12.0,0.2520840901904061,2,17.0,0.4892575636178328,3,27.0,0.4783039372187682,1,13.0,0.7095478615306744,0,3.0,0.9636938313536798,2,101.0,0.460759313896822,2,34.0,0.5853626395777599,3,35.0,0.24563809301554648,28,579.0
545.0,28,341.0,2.2142857142857144,7.915427364174713,10,276.0,0.26280451154736323,1,10.0,0.5828584433893663,0,4.0,0.8282669267268306,3,28.0,0.5448947487258191,1,2.0,0.43090264031311776,0,3.0,0.9623719636355568,4,136.0,0.3861121365726477,2,14.0,0.3725357747826063,1,22.0,0.7440262778033155,22,495.0
550.0,23,187.0,1.1987179487179487,8.048594059345472,7,237.0,0.2922112587279416,1,9.0,0.8168264072056471,0,1.0,0.9385630978433213,0,25.0,0.6992222707931772,2,10.0,0.36889405483445253,0,0.0,0.9286668043775939,3,133.0,0.16924305703529163,4,31.0,0.022736489163179854,0,9.0,0.8331358826580695,17,455.0
555.0,25,253.0,1.6012658227848102,8.720546172320498,6,170.0,0.17380309054571366,1,14.0,0.7517334949562873,0,0.0,0.9406419648379241,0,17.0,0.7578047093816626,4,27.0,0.5429892506251731,0,0.0,0.9522674308576515,3,115.0,0.23316107348663706,6,55.0,0.06926251168585863,0,8.0,0.8401431401460551,20,406.0
560.0,23,260.0,1.6149068322981366,9.329496879139219,9,180.0,0.20978935756915745,0,4.0,0.732582279698034,0,0.0,0.9538883227523874,0,5.0,0.8736182954312848,3,29.0,0.528769523754508,0,2.0,0.9902101632457739,4,65.0,0.35257095018909473,6,80.0,0.4027329860538606,0,10.0,0.736170575302593,22,375.0
565.0,29,302.0,1.8875,8.86402128920155,10,194.0,0.1056624128629414,2,9.0,0.46348276444326597,0,0.0,0.7704743231173397,1,10.0,0.6900952386941153,2,24.0,0.2346853922631722,0,2.0,0.9803025273600112,6,92.0,0.0719355846432465,5,100.0,0.4841409036729468,2,14.0,0.48169411758866454,28,445.0
570.0,25,290.0,1.8238993710691824,8.80428836707404,7,191.0,0.3133775042589377,1,14.0,0.650241980147598,1,2.0,0.6284624075420657,1,10.0,0.6411487358436042,4,22.0,0.21243429448318984,0,0.0,0.9273242298414344,3,63.0,0.4301027719516079,5,125.0,0.5049356097878924,0,4.0,0.65340266353821,22,431.0
575.0,26,292.0,1.825,8.622158210112469,6,170.0,0.2509373633321412,1,19.0,0.6371893833842532,1,7.0,0.5684934148831052,1,15.0,0.8134640615975769,5,48.0,0.27559082346039354,0,0.0,1.0,0,24.0,0.7717518630614004,8,155.0,0.09141182031855541,1,8.0,0.717969243104439,23,446.0
580.0,29,358.0,2.2098765432098766,7.938978162598956,9,157.0,0.19514720148396325,1,5.0,0.1172513647117247,2,22.0,0.5545691597215625,2,19.0,0.7050808511566877,1,17.0,0.6540287412083258,0,0.0,1.0,1,24.0,0.517964601428835,9,200.0,0.08572798761048689,2,19.0,0.5645096998447714,27,463.0
585.0,27,351.0,2.1666666666666665,8.338626133906942,9,164.0,0.11376039020900498,1,8.0,0.4468436928469648,0,8.0,0.8264801409804763,2,37.0,0.570686770502417,0,4.0,0.8303074807263998,0,21.0,0.9473839955578998,3,36.0,0.40667351795683215,8,157.0,0.12436661420967036,2,29.0,0.5040943190116576,25,464.0
590.0,18,167.0,1.050314465408805,8.259700949083564,7,188.0,0.1438562514225393,1,13.0,0.49989137608452516,0,4.0,0.6723450693800477,2,10.0,0.5903559862506705,1,6.0,0.40354765857436287,0,0.0,1.0,2,39.0,0.39635796381887684,2,97.0,0.47042828635855644,1,6.0,0.6130433063480166,16,363.0
595.0,19,219.0,1.3860759493670887,8.949760603896042,6,165.0,0.268396486057529,1,18.0,0.49585961656708555,1,3.0,0.7565376351763068,2,20.0,0.47009698920009263,2,26.0,0.5780528212919842,0,0.0,1.0,1,15.0,0.516374066662207,2,48.0,0.4708902770759714,0,4.0,0.6853001366006825,15,299.0
600.0,27,302.0,1.9235668789808917,9.009191075209342,7,177.0,0.3438014909685502,0,0.0,0.8038896586287356,1,5.0,0.7466241688974892,5,36.0,0.4318779309712521,1,12.0,0.7829836962140744,0,0.0,1.0,1,9.0,0.4503370989333976,4,59.0,0.31981460888078495,0,4.0,0.7555057230375746,19,302.0
605.0,23,302.0,1.9235668789808917,8.529368399233327,6,176.0,0.349951532530535,1,1.0,0.59925519670049,0,4.0,0.9425571547163599,6,69.0,0.35140729124983505,0,4.0,0.8643212637442108,0,0.0,1.0,2,15.0,0.367808218001232,2,15.0,0.3662438911326252,0,4.0,0.5933258997242066,17,288.0
610.0,25,296.0,1.8853503184713376,7.891158601074048,4,165.0,0.3074468555577711,1,6.0,0.6813142666367609,0,4.0,0.9508946313037435,2,32.0,0.32794996827164824,1,10.0,0.6923000437553786,0,1.0,0.8872425204508909,3,29.0,0.15759555885525228,3,17.0,0.2942347014454195,1,12.0,0.44926892139192276,15,276.0
615.0,25,357.0,2.23125,8.766047622291062,5,141.0,0.24918571476326093,1,11.0,0.7508183278071618,0,0.0,0.9411061081072191,1,20.0,0.6423860628854113,2,17.0,0.5257782543493569,0,1.0,0.9756487954790579,1,4.0,0.6849653155032112,3,28.0,0.43312917707624726,1,21.0,0.7163545633285986,14,243.0
620.0,27,439.0,2.7961783439490446,8.43223870716586,7,166.0,0.23773516251764512,0,0.0,0.724062339578936,0,0.0,0.9219669270513409,1,9.0,0.7351911176442474,0,4.0,0.7338878624446269,0,0.0,0.9376760699176746,0,0.0,0.9263991353833209,3,42.0,0.4216076344022586,1,26.0,0.7151780712855121,12,247.0
625.0,27,511.0,3.296774193548387,8.15080583276705,7,200.0,0.15292537165419862,0,0.0,0.9661948129771857,1,9.0,0.7541870090584868,1,16.0,0.6878073954537449,1,4.0,0.6655760982276427,0,13.0,0.9538338905895396,0,0.0,0.37230676800639406,1,16.0,0.36728648538173825,1,23.0,0.47099598611514504,12,281.0
630.0,26,475.0,3.064516129032258,8.36950548946025,7,239.0,0.33357843948270166,0,0.0,0.7060787071202365,1,10.0,0.6612396336128014,0,0.0,0.9488431847654493,2,15.0,0.5852881743723389,0,17.0,0.9605453121676982,1,14.0,0.5957728880178117,2,23.0,0.3461624230123344,0,0.0,0.9559124422798683,13,318.0
635.0,25,464.0,3.0326797385620914,8.176219369168289,6,247.0,0.30904130225600174,1,4.0,0.4930981188222381,2,17.0,0.5470220429595941,0,4.0,0.6505765272651081,3,27.0,0.5577520899349869,0,4.0,0.9389804744747513,2,21.0,0.5415472560698693,2,37.0,0.36025485102834964,1,5.0,0.7382897789823347,17,366.0
640.0,24,391.0,2.589403973509934,7.7671935008568695,6,256.0,0.37732152686491716,0,0.0,0.541132263353625,3,31.0,0.5626102649027444,3,13.0,0.3726999639373345,3,25.0,0.49580721336772215,0,0.0,0.996100847828496,1,25.0,0.6091431355946815,3,51.0,0.3857580649201485,1,56.0,0.6005531365682626,20,457.0
645.0,26,377.0,2.448051948051948,7.522864470735987,8,274.0,0.2557036989452101,0,0.0,0.9033325361755916,1,17.0,0.7963863122788194,5,38.0,0.4677212013526358,2,17.0,0.14147470530999282,0,38.0,0.8861539116406889,2,32.0,0.315669715113101,1,21.0,0.5569173381355729,3,103.0,0.5724207177585097,22,540.0
650.0,25,430.0,2.774193548387097,7.999992552385436,8,314.0,0.2631322077769134,0,0.0,0.9423272920350473,1,10.0,0.861853792238869,0,9.0,0.6216983544228007,4,26.0,0.10718474303956985,0,49.0,0.9402724394118662,4,44.0,0.4028529504496454,3,26.0,0.24261203868375572,2,164.0,0.4359915991081703,22,642.0
655.0,27,537.0,3.3773584905660377,8.330662134196308,8,344.0,0.02506876203023965,0,0.0,1.0,1,15.0,0.830883731201263,1,10.0,0.5898710267842713,4,54.0,0.39659626840087847,0,25.0,0.8147129959638129,6,85.0,0.4008411928453118,2,32.0,0.3716661500138307,3,102.0,0.47200282014357353,25,667.0
660.0,26,537.0,3.3354037267080745,8.691967974764829,8,391.0,0.33127201215863916,0,4.0,0.8978079336835596,2,22.0,0.6928581720161765,2,15.0,0.4715107602476789,1,21.0,0.783114651870204,0,22.0,0.8274953762945709,4,84.0,0.33984937585769626,2,41.0,0.5406388015850155,4,50.0,0.18305291005955246,23,650.0
665.0,23,536.0,3.3710691823899372,8.708654076817004,9,430.0,0.15968596144503314,0,4.0,0.9328261602819341,2,16.0,0.7429682455565602,4,43.0,0.4109279575743592,0,8.0,0.7456385720219247,0,5.0,0.9538764506389463,2,24.0,0.3043247599473706,1,10.0,0.8013848583782419,4,53.0,0.19577870232693495,22,593.0
670.0,31,646.0,4.0375,8.455452042489437,12,479.0,0.0924158367968764,0,4.0,0.958074639421862,0,10.0,0.8472310333754665,5,67.0,0.559939198939292,1,9.0,0.45964670061551677,0,68.0,0.7549200532850487,4,40.0,0.4596259532642898,1,15.0,0.7377578853871573,4,73.0,0.30506603056750176,27,765.0
675.0,34,626.0,3.9125,7.789860679735577,11,394.0,0.19535893908879445,0,4.0,0.9708882958003009,1,5.0,0.4993921693981401,3,44.0,0.5041287643138641,2,15.0,0.44813062994668573,0,1.0,0.8115474420693011,5,61.0,0.32685109077543445,3,25.0,0.500987608742777,4,93.0,0.550526742275728,29,642.0
680.0,26,252.0,1.5849056603773586,7.353756182296661,5,330.0,0.3186772866173593,0,4.0,0.9879187897396332,4,24.0,0.48550097865268727,4,32.0,0.31101050493048865,0,0.0,0.8943284848471673,0,0.0,0.9274844030942315,4,35.0,0.2946520292390326,5,49.0,0.3632947733381762,1,28.0,0.543999791770946,23,502.0
685.0,23,175.0,1.10062893081761,7.495099068726254,4,162.0,0.4746715684896519,0,4.0,0.9308123874692186,2,15.0,0.432280118942577,7,54.0,0.2481365548063286,1,2.0,0.6947972207176265,0,19.0,0.9280452248998129,1,27.0,0.453083516721881,5,51.0,0.35462599839823383,1,5.0,0.658530696483991,21,339.0
690.0,34,278.0,1.7267080745341614,8.074049907966545,6,106.0,0.442456535795663,0,0.0,0.9575137957048343,2,15.0,0.6050818947240961,10,97.0,0.21646444513193802,1,7.0,0.7591023646274868,0,19.0,0.9452476959192047,4,42.0,0.37700289371252144,6,61.0,0.38904344615413466,2,28.0,0.48631865856498757,31,375.0
695.0,34,363.0,2.240740740740741,8.18552377761243,6,93.0,0.2722853299463434,0,0.0,1.0,2,24.0,0.7007612051285679,5,69.0,0.3305222969008231,1,16.0,0.320171559983271,0,0.0,0.9697906660160528,6,63.0,0.39692030798351907,7,94.0,0.4306052805706854,2,69.0,0.6183494496966565,29,428.0
700.0,29,281.0,1.7453416149068324,8.024062398841032,6,96.0,0.2117112050315356,0,0.0,1.0,3,39.0,0.631756130721071,0,18.0,0.6445278402915737,1,13.0,0.7544213975057189,0,0.0,0.8962025338453965,2,44.0,0.5546867771368461,8,130.0,0.2140324143505033,2,60.0,0.7184666465618967,22,400.0
705.0,21,229.0,1.4679487179487178,7.899816471989705,6,82.0,0.1742512959568721,0,0.0,1.0,1,14.0,0.7390503558986048,2,8.0,0.4920266455335995,0,12.0,0.8684126060401619,0,5.0,0.633827362355874,0,23.0,0.40199356620824944,9,118.0,0.16159631215929324,0,23.0,0.8210610024256085,18,285.0
710.0,19,226.0,1.421383647798742,8.523607554148658,7,117.0,0.3126505878422487,0,0.0,0.9369783891813848,0,16.0,0.847678385358927,4,24.0,0.41096142429347016,1,10.0,0.4784513091995064,0,12.0,0.8765352780107767,2,18.0,0.3014037893864949,5,116.0,0.34672002008551356,0,13.0,0.7337471620440834,19,326.0
715.0,30,326.0,2.0248447204968945,9.025399023844477,6,124.0,0.360933266774833,0,0.0,0.9731386724488824,1,14.0,0.8334163632714832,6,51.0,0.3688045917548243,1,19.0,0.6341803527482144,0,12.0,0.9204926249314138,5,39.0,0.3573382569791894,6,120.0,0.31087384252255035,5,30.0,0.4804916855555141,30,409.0
720.0,29,348.0,2.1614906832298137,9.078522162298281,4,123.0,0.34740185063774576,0,0.0,0.9443542723922689,2,17.0,0.6765871592654579,6,57.0,0.4574164123950268,0,8.0,0.8662086182588329,0,0.0,0.9267389158919592,4,47.0,0.4286533237132334,6,142.0,0.3436671473453796,6,50.0,0.3026158523463008,28,444.0
725.0,23,299.0,1.834355828220859,8.68669410616424,6,114.0,0.42295692616460606,0,0.0,0.8290065026396239,1,7.0,0.6833540759667469,3,48.0,0.3955668504659767,1,6.0,0.7881137670118368,0,0.0,0.6917710340151407,2,80.0,0.4050872964305634,5,152.0,0.3526237391366108,3,28.0,0.2571027632746466,21,435.0
730.0,34,411.0,2.5527950310559007,8.566974814999739,7,149.0,0.18631338799450908,1,9.0,0.8344596482737906,1,12.0,0.7419638565745981,7,49.0,0.26569097583372847,2,12.0,0.6683234298365685,0,0.0,0.9603382460626518,7,82.0,0.29543870409137807,5,181.0,0.3520118878267629,1,7.0,0.45310479516674446,31,501.0
735.0,41,580.0,3.647798742138365,7.947627464495657,7,165.0,0.08285457566866247,1,14.0,0.6292399807880539,2,14.0,0.5783737901636049,8,88.0,0.1290449370041143,2,22.0,0.5361939147241539,0,0.0,0.9780841111920188,9,143.0,0.33851252501511836,7,215.0,0.35976427082638757,3,18.0,0.3199650049445637,39,679.0
740.0,35,599.0,3.74375,7.597822153442306,7,176.0,0.06674681239014268,1,9.0,0.637913085892405,3,29.0,0.4916678839111549,4,42.0,0.2712854049639514,1,5.0,0.7388641723279219,0,0.0,1.0,4,65.0,0.2818527838986302,7,250.0,0.4187496262616197,4,38.0,0.32595028653398267,31,614.0
745.0,26,456.0,2.9419354838709677,8.127600833543625,7,211.0,0.21485655278602467,2,10.0,0.5568137537076149,2,9.0,0.6363505184570724,1,22.0,0.597237209786333,1,18.0,0.6921620393141993,0,4.0,0.4533160004362792,3,39.0,0.25837267452768625,6,170.0,0.3877324596520885,1,16.0,0.5394279957451575,23,499.0
750.0,28,403.0,2.6,9.132649565380262,7,246.0,0.3300765379814949,2,28.0,0.6267849323220146,1,15.0,0.8139905082494835,2,20.0,0.6915570501777398,2,29.0,0.38434594943953077,0,0.0,0.9857354772844232,4,74.0,0.3339526907945406,5,79.0,0.4167017149859814,1,13.0,0.7581110664749744,24,504.0
755.0,29,498.0,3.1923076923076925,9.427095123968352,7,285.0,0.4194740668910626,4,42.0,0.4775525584100372,1,8.0,0.850887763451308,3,23.0,0.5819633592324668,3,36.0,0.4679804076627895,0,0.0,1.0,4,103.0,0.31192108495693976,5,75.0,0.40565742455078313,1,14.0,0.8135295444219571,28,586.0
760.0,27,518.0,3.3856209150326797,8.447779113616694,7,297.0,0.17727599843124522,3,32.0,0.48139507472333515,1,17.0,0.7866986584298853,4,40.0,0.36372089671378266,1,18.0,0.7472821877709802,0,0.0,1.0,3,74.0,0.33469501069797175,5,95.0,0.19636584233859797,1,19.0,0.6336761861641026,25,592.0
765.0,19,453.0,2.9038461538461537,8.734953980062656,7,298.0,0.2770606805772823,0,5.0,0.906982697552559,0,4.0,0.8942500180241941,3,30.0,0.5049246528192242,0,4.0,0.8640284173246403,0,0.0,1.0,1,39.0,0.5870996697624924,4,110.0,0.1447936930111046,1,1.0,0.6044311438147638,16,491.0
770.0,22,526.0,3.393548387096774,8.988425832734123,7,329.0,0.21738335646501747,0,4.0,0.9324256153346617,0,4.0,0.9339697202800252,2,15.0,0.5354345308200044,2,7.0,0.5979095897564192,0,0.0,1.0,1,23.0,0.5069345691685695,4,138.0,0.23192837819437975,1,7.0,0.5175910291884562,17,527.0
775.0,31,634.0,4.090322580645161,8.78941379276347,11,380.0,0.23605937898877818,0,0.0,0.7562439906370322,0,0.0,0.9240300314611809,5,30.0,0.4633428579207104,2,17.0,0.6314264171171455,0,11.0,0.9293950553639208,4,32.0,0.14935446809188058,4,154.0,0.19904325983574592,2,16.0,0.5658801049183931,28,640.0
780.0,26,634.0,4.171052631578948,8.399119674480307,10,346.0,0.2944355040900376,0,0.0,0.6565910336610897,0,4.0,0.9092878654345358,5,52.0,0.38816720545501887,0,2.0,0.8873439517171631,0,11.0,0.9756173639089484,1,12.0,0.34159067367692864,4,174.0,0.17553600733490757,4,49.0,0.433678983600445,24,650.0
785.0,21,251.0,1.7310344827586206,7.683199423573168,7,290.0,0.16938922308561716,1,5.0,0.44005416332272757,1,5.0,0.5302150475396287,2,21.0,0.4178792566427693,0,2.0,0.742491185510719,0,0.0,1.0,0,1.0,0.6239192135080136,3,86.0,0.0022017812262017347,5,89.0,0.4547958562687369,19,499.0
790.0,19,177.0,1.2206896551724138,8.135952180097126,6,120.0,0.2529770377395799,2,12.0,0.23914696905225996,2,16.0,0.6114416968188926,0,3.0,0.8694324747305467,1,9.0,0.4036110450310398,0,0.0,1.0,1,3.0,0.645970796959783,0,6.0,0.40625157782077553,3,59.0,0.4713586951276632,15,228.0
795.0,23,251.0,1.7430555555555556,9.053603134047068,8,141.0,0.2910303496320219,3,34.0,0.4734914804044163,3,31.0,0.614341777249159,0,3.0,0.9016564631358637,3,27.0,0.5418636730248206,0,0.0,0.959695774138899,1,8.0,0.6421861586776149,0,0.0,1.0,1,36.0,0.5800935301575189,19,280.0
800.0,19,269.0,1.8551724137931034,8.736987362290737,8,179.0,0.2422858707145034,1,20.0,0.6980254083537318,1,31.0,0.6611628382316614,0,0.0,0.9848967274788698,2,27.0,0.6167300634868137,0,0.0,0.8343175574167732,1,6.0,0.34815941821310087,0,3.0,0.7659957399887385,2,16.0,0.6555570898902378,15,282.0
805.0,17,228.0,1.6056338028169015,8.741794697006073,6,138.0,0.23509888203889856,0,4.0,0.9129150276505995,1,19.0,0.7213802925610118,0,9.0,0.8842151956224334,1,13.0,0.5886957103800423,0,0.0,0.9766054597165831,3,19.0,0.3630961415319375,0,0.0,0.9054872844205656,2,34.0,0.4606741758008755,13,236.0
810.0,16,154.0,1.1,8.924266410104117,3,120.0,0.21035080098748413,0,0.0,0.9568539591134846,0,4.0,0.8933994740053203,0,6.0,0.9144096201981039,2,19.0,0.308306937056776,0,8.0,0.9976809382174097,4,43.0,0.46239243797601254,0,0.0,0.9472647380949545,2,22.0,0.6017509919808145,11,222.0
815.0,24,225.0,1.5957446808510638,8.447227745206323,4,80.0,0.23202221476111623,0,0.0,0.7777043683084424,0,4.0,0.8615804159549655,0,1.0,0.9509400623189688,3,34.0,0.24030332774305724,0,8.0,0.9227405188873007,5,75.0,0.2990000458699708,0,8.0,0.6976891895334858,3,50.0,0.5709615210272992,15,260.0
820.0,31,308.0,2.1538461538461537,8.195811490980136,5,90.0,0.3417390698112936,1,1.0,0.3636914638106066,0,4.0,0.8685158428606402,0,0.0,0.6915389360268436,2,25.0,0.3136626683525109,0,0.0,0.9860340869177237,4,83.0,0.16935940855012427,3,20.0,0.42116304038402336,5,71.0,0.5220485850936301,20,294.0
825.0,27,257.0,1.7724137931034483,8.532842960564686,5,73.0,0.3256268306246739,3,12.0,0.0014491977030225303,0,4.0,0.9227692497753581,1,5.0,0.0,0,11.0,0.6663264131589931,0,0.0,0.8921928324908753,1,69.0,0.49477330047345963,4,25.0,0.5026497549791589,8,128.0,0.4092115017440686,22,327.0
830.0,17,127.0,0.8881118881118881,7.979045449592469,2,61.0,0.485213165522237,3,27.0,0.0,0,4.0,0.6731231946934826,0,0.0,0.8958520236233977,0,0.0,0.05475437266717696,0,0.0,1.0,2,117.0,0.5190197049809555,1,20.0,0.5425412801095697,7,111.0,0.3391249924023504,15,340.0
835.0,18,133.0,0.9236111111111112,8.959517525756455,3,24.0,0.4825772054503258,3,46.0,0.21840915404474684,1,9.0,0.7594991592879595,0,0.0,0.9359914948287629,1,12.0,0.5763483134214101,0,0.0,1.0,3,122.0,0.46131832097441083,2,23.0,0.5973850558712122,2,90.0,0.5475009189548949,15,326.0
840.0,18,154.0,1.0769230769230769,8.925460407417493,4,43.0,0.4494442133186771,1,20.0,0.49690282762615784,1,14.0,0.649149338409154,0,0.0,0.7175602004377181,0,12.0,0.8696773992153785,0,0.0,0.9586777643130119,2,66.0,0.2404569868937879,3,35.0,0.6140144930314738,4,35.0,0.4414101793888834,15,225.0
845.0,17,124.0,0.8732394366197183,9.15174706233282,2,17.0,0.3251542764065542,0,4.0,0.9271461287524965,1,23.0,0.6337086988384701,1,7.0,0.47575119186351245,0,12.0,0.9140277185197248,0,0.0,1.0,2,30.0,0.5640584959793343,3,16.0,0.46077490594412673,6,60.0,0.31520817817425034,15,169.0
850.0,21,148.0,1.0277777777777777,9.150343626450004,2,16.0,0.3282766996002207,0,4.0,0.9159232821649709,0,4.0,0.7433962095990949,2,10.0,0.5957936719232366,0,8.0,0.4325394647731762,0,0.0,0.972180397161836,3,34.0,0.41967938812518296,6,37.0,0.35275060324228485,5,56.0,0.43789467305127494,18,169.0
855.0,27,211.0,1.5179856115107915,8.61866055825815,2,21.0,0.4078509599829675,0,4.0,0.8294284396800793,1,8.0,0.7411616037871269,1,10.0,0.6724234626713449,2,12.0,0.3068447805997792,0,0.0,1.0,3,61.0,0.4624894515185505,8,79.0,0.253918708733531,1,23.0,0.5527518223095854,18,218.0
860.0,28,268.0,1.900709219858156,8.173804177643525,2,32.0,0.6486289886260984,0,4.0,0.9807603509362398,2,14.0,0.5886814406771754,4,19.0,0.5586433654059636,0,0.0,0.9898463388665258,0,0.0,0.9995464311010639,1,35.0,0.5232672549175105,10,118.0,0.2921713047763564,4,24.0,0.4763965836620514,23,246.0
865.0,26,291.0,2.0492957746478875,7.960089574494189,1,24.0,0.7040883519939917,0,4.0,0.831353650922742,3,32.0,0.6152895557417485,5,44.0,0.32812319963815223,0,0.0,0.3349845729787783,0,0.0,1.0,1,22.0,0.5352598778798666,8,107.0,0.3269641556282496,5,43.0,0.24616746274057624,23,276.0
870.0,31,316.0,2.2097902097902096,7.604390930079663,2,36.0,0.43304564556195535,1,6.0,0.49945242943757795,2,23.0,0.766158348732601,5,41.0,0.13591525313726444,1,6.0,0.30685116284360886,0,0.0,0.5401481782746627,2,29.0,0.4857740819754931,10,152.0,0.20281212997078243,4,35.0,0.3427475920870901,27,328.0
875.0,30,379.0,2.6503496503496504,7.8523676137027225,4,58.0,0.37057516423844894,1,15.0,0.6245579279484179,0,54.0,0.7468133160161972,2,24.0,0.2694064877557125,1,19.0,0.7088886967068075,0,0.0,0.7860345413302061,2,43.0,0.38998542684660276,14,215.0,0.12312596091427636,2,27.0,0.5804599494078516,26,455.0
880.0,36,543.0,3.719178082191781,7.841349342021118,6,80.0,0.3764337104740871,1,20.0,0.5903870973532177,1,52.0,0.6898569970605919,2,20.0,0.3844124190411642,1,24.0,0.7232481224375065,0,3.0,0.9479143858352976,4,59.0,0.3219903378298478,13,279.0,0.14011845847336973,2,36.0,0.5371280650888933,30,573.0
885.0,39,665.0,4.493243243243243,7.565146601109186,7,91.0,0.20413003470775204,0,4.0,0.9558014704337239,2,27.0,0.638231415778212,3,35.0,0.5995535287087538,0,12.0,0.6030152254556747,0,3.0,0.884913910193881,3,90.0,0.3580864538473908,15,350.0,0.11278638846968303,2,61.0,0.34477320729989985,32,673.0
890.0,30,668.0,4.54421768707483,7.5214632311658995,5,101.0,0.10324314679940035,0,4.0,0.9553811690610108,0,8.0,0.9213610951489961,1,29.0,0.6214764760736945,0,4.0,0.7501819855291747,0,3.0,0.9778529914627656,3,43.0,0.3071135143458787,16,428.0,0.11453165043730174,1,42.0,0.6845780957053391,26,662.0
895.0,27,654.0,4.510344827586207,8.61653989196139,7,130.0,0.26838132170444534,0,4.0,0.895381860390334,0,12.0,0.8584372657851405,0,4.0,0.817178509010402,0,4.0,0.9442340698644887,0,1.0,0.8692645348463387,2,28.0,0.34903902966839245,17,509.0,0.1664191742079062,0,17.0,0.6785144091881575,26,709.0
900.0,33,778.0,5.328767123287672,8.288908731977724,7,165.0,0.32390797907016294,1,7.0,0.6404447609768089,0,8.0,0.9562677754079326,0,4.0,0.8934410347785523,0,4.0,0.7344761225334329,0,0.0,0.6653609437921684,3,30.0,0.34755972777498273,17,589.0,0.1733650248544549,3,29.0,0.4608388844301631,31,836.0
905.0,35,933.0,6.261744966442953,7.6162754603460705,7,200.0,0.3059016482850707,2,10.0,0.44548460505933757,0,4.0,0.9600153211865828,1,3.0,0.48369932889845857,0,4.0,0.9074142201740246,0,0.0,1.0,3,38.0,0.229700425025681,17,667.0,0.07063861343977221,4,66.0,0.4337467917097161,34,992.0
910.0,37,1030.0,6.776315789473684,7.51690827564926,9,244.0,0.3068803012244222,1,7.0,0.4814948909688756,0,8.0,0.7383211708759001,1,12.0,0.5439957762568933,0,4.0,0.6673059288670915,0,0.0,0.939342287391341,0,0.0,0.6854070730869085,19,762.0,0.05679158058958935,3,40.0,0.3841012821399039,33,1077.0
915.0,37,1155.0,7.598684210526316,7.500938477801259,10,260.0,0.09131620367000236,0,0.0,0.9487388834578597,0,4.0,0.8966438090592698,2,22.0,0.7147010476171083,0,0.0,0.7302901311732538,0,0.0,0.9001356760487096,0,11.0,0.8437306207715014,19,858.0,0.08610629899323914,0,3.0,0.7939398530139428,31,1158.0
920.0,31,1228.0,8.241610738255034,7.817938667089178,8,284.0,0.24217355353833164,1,2.0,0.4547076201448255,0,4.0,0.8752948046950361,0,11.0,0.6534431153748943,0,0.0,0.9665273165567654,0,40.0,0.9890478830989305,0,20.0,0.7627375472087071,19,957.0,0.12238342108865206,0,0.0,0.899386580104518,28,1318.0
925.0,41,1376.0,9.112582781456954,7.31794249793294,8,299.0,0.20957277293566526,1,7.0,0.6241198373906683,2,7.0,0.6100507376939402,3,19.0,0.3760282391956316,0,4.0,0.8169587209675061,0,0.0,1.0,3,24.0,0.3275014480716736,20,1051.0,0.08234382119864687,1,9.0,0.814753318437922,38,1420.0
930.0,45,1406.0,9.5,6.463997986474416,10,339.0,0.15456328901339575,0,0.0,0.9243885927090089,3,21.0,0.6190643398751939,4,38.0,0.2738828738357356,0,0.0,0.6559417276339103,0,15.0,0.9326235011886226,2,18.0,0.5149913885948995,20,985.0,0.023585646407771225,2,42.0,0.6370694767169143,41,1458.0
935.0,35,831.0,5.614864864864865,7.182326041876799,10,389.0,0.20829269811858134,0,0.0,0.9408622997993555,0,13.0,0.6135051108985,6,64.0,0.40175324832737597,1,3.0,0.4714714074840224,0,0.0,0.7764500563275003,1,10.0,0.6084938343780595,11,895.0,0.18184424975278146,4,50.0,0.47249838277881034,33,1424.0
940.0,27,520.0,3.466666666666667,7.883753145329732,8,317.0,0.2530112543341559,0,0.0,0.9329570133698795,2,11.0,0.6365410385379903,3,47.0,0.42607665993722066,2,10.0,0.4669385291292625,0,1.0,0.932251685991748,2,25.0,0.6924415075249748,3,561.0,0.33723274016526317,4,44.0,0.5002813303441319,24,1016.0
945.0,22,242.0,1.6026490066225165,8.280258366933511,6,283.0,0.25946307155276954,0,0.0,0.9394910234913995,3,21.0,0.6623178290994958,3,41.0,0.2968919018724779,0,12.0,0.7331910289137845,0,1.0,0.9249818735060444,2,45.0,0.578867856333604,4,329.0,0.35239476787924584,2,27.0,0.5974655689717844,20,759.0
950.0,23,277.0,1.8104575163398693,8.984024099763895,4,126.0,0.4582087278257919,0,0.0,0.7621130126446797,3,36.0,0.6591447959943032,4,33.0,0.50121156430165,0,12.0,0.7984017200169677,0,0.0,0.9360227741369668,3,52.0,0.34885803211951255,4,165.0,0.4469265209986614,2,24.0,0.3940352038742296,20,448.0
955.0,24,326.0,2.0632911392405062,9.546709018726274,5,94.0,0.4575936121464373,1,5.0,0.5183384620323689,1,15.0,0.7681636502449206,5,55.0,0.481552048355237,0,4.0,0.7042856285842367,0,1.0,0.8270477308121414,1,43.0,0.578642734491234,4,144.0,0.4274708964157994,5,41.0,0.3558870547608455,22,402.0
960.0,23,256.0,1.610062893081761,8.696068235354774,6,60.0,0.25010826377083817,2,14.0,0.31002093396669517,1,5.0,0.8675943526499735,2,20.0,0.39461112825277606,2,8.0,0.5755083270116367,0,0.0,0.9536512796482941,0,63.0,0.6319836722424812,3,106.0,0.3513079356539487,6,67.0,0.13541352278265958,22,343.0
965.0,29,211.0,1.294478527607362,7.997266404963692,8,93.0,0.23958781065421395,2,24.0,0.1621614099709567,2,19.0,0.7502915114978568,3,11.0,0.43935795457513943,2,17.0,0.5474482894971311,0,0.0,0.919137068246346,2,65.0,0.6077600988709013,3,68.0,0.2349470952140193,5,62.0,0.13455030512876806,27,359.0
970.0,27,232.0,1.4233128834355828,8.245314554880505,8,129.0,0.23455528970013667,1,14.0,0.0,2,29.0,0.7706814264150491,4,35.0,0.4590413142173182,0,8.0,0.49259022684675796,0,0.0,1.0,3,74.0,0.5551465279229382,6,42.0,0.13141941337427482,1,51.0,0.6026851149549001,25,382.0
975.0,32,341.0,2.0792682926829267,8.28746194352558,9,175.0,0.36337732415875096,0,4.0,0.9055520698194148,3,24.0,0.6028752880953214,5,41.0,0.34195165030485897,1,13.0,0.7447749183044766,0,0.0,1.0,5,88.0,0.2603880448571139,6,57.0,0.23058061600910873,1,10.0,0.5748952213812084,30,412.0
980.0,25,286.0,1.7654320987654322,8.006845958799365,10,182.0,0.15016808356379127,0,4.0,0.9280369071875235,2,23.0,0.5399181672488869,1,18.0,0.7624619376490467,3,20.0,0.4127187700626715,0,1.0,0.9975459630399297,3,34.0,0.36237655552143966,2,29.0,0.5569415402810638,2,19.0,0.6020441945309087,23,330.0
985.0,21,244.0,1.4969325153374233,8.663199713774956,10,212.0,0.274188914621055,0,4.0,0.9634146214249601,3,33.0,0.4569621239296664,0,0.0,0.8135347177005305,2,27.0,0.3443463107639851,0,1.0,0.9151493180598792,1,25.0,0.6524033647865854,1,15.0,0.6359641268822358,1,9.0,0.7789720312497209,18,326.0
990.0,28,348.0,2.109090909090909,8.932140353935226,11,225.0,0.20485405711646143,0,4.0,0.9392756872800953,4,55.0,0.4782461210223835,3,16.0,0.5612641478096362,3,22.0,0.5546922110385754,0,0.0,0.9372512013313242,2,21.0,0.6354512931231378,1,24.0,0.7123762146141477,2,11.0,0.5174608666508146,26,378.0
995.0,32,422.0,2.5269461077844313,8.799335686210592,13,288.0,0.1697678235894734,0,4.0,0.9369171392129334,0,8.0,0.7635237539327348,4,36.0,0.49108364500635443,3,33.0,0.5946090018883612,0,4.0,0.9766588833206234,4,34.0,0.3575705112446941,2,32.0,0.4691507837639764,5,31.0,0.3255290332059466,31,470.0
1000.0,32,413.0,2.503030303030303,7.950553044672528,12,282.0,0.18227280409604812,0,4.0,0.6751931569116363,0,4.0,0.9557170607328707,4,30.0,0.3426437860881668,3,44.0,0.4137425358471899,0,4.0,0.9435587576365655,2,25.0,0.21290615745537042,1,9.0,0.667919603254968,6,60.0,0.27387895758848124,28,462.0
1005.0,32,256.0,1.5421686746987953,7.727092479733016,10,266.0,0.13795594894326663,1,4.0,0.37901747523309487,2,7.0,0.6443219132661587,4,30.0,0.4270132589789587,3,47.0,0.3503554983486104,0,0.0,1.0,2,18.0,0.5646427007202665,3,21.0,0.28981886740914,4,42.0,0.3622410276876962,29,435.0
1010.0,27,210.0,1.2883435582822085,7.889234935343852,9,200.0,0.17479151393681422,0,0.0,0.3714494772656874,2,17.0,0.7152908255679205,5,56.0,0.40424161901260924,0,44.0,0.5322913189362204,0,0.0,1.0,1,19.0,0.5079663382316838,3,38.0,0.37380588895617634,1,25.0,0.6322640661683986,21,399.0
1015.0,28,285.0,1.7378048780487805,7.888373471546748,8,192.0,0.28634108595615076,1,3.0,4.705986096927584e-05,1,11.0,0.8353973562857783,7,63.0,0.4621357067636533,0,15.0,0.6415068593355104,0,0.0,1.0,2,23.0,0.37935819749449845,5,58.0,0.38573164379804287,1,12.0,0.7183668804778693,25,377.0
1020.0,26,285.0,1.6964285714285714,7.437594449797108,9,208.0,0.33720500677893145,1,8.0,0.0,0,4.0,0.762786069544589,4,36.0,0.4901151354560854,1,13.0,0.3136860880712572,0,0.0,0.9193365824728731,1,13.0,0.38811939726400085,3,43.0,0.5563238813022365,2,22.0,0.709152660288624,21,347.0
1025.0,31,349.0,2.0773809523809526,7.687058053053095,9,240.0,0.3289940752823815,1,13.0,0.0,1,8.0,0.698147211876726,1,31.0,0.6006661782822096,3,40.0,0.383998328572356,0,0.0,0.9184947045907008,3,18.0,0.5282696875432206,3,62.0,0.3702037253355032,2,20.0,0.5915533598788352,23,432.0
1030.0,34,407.0,2.366279069767442,7.766736722906975,10,263.0,0.20367943128207613,0,0.0,1.0,2,17.0,0.6126429384760909,1,19.0,0.43364191249516193,4,58.0,0.5413313917278967,0,0.0,0.9403319018423557,4,30.0,0.29350643808723,5,88.0,0.34341942004788395,4,29.0,0.5174439030293785,30,504.0
1035.0,40,528.0,3.052023121387283,7.4860054487866945,13,327.0,0.15635303764105518,0,0.0,1.0,1,11.0,0.6938488244644847,2,31.0,0.5067148499731141,1,31.0,0.5518679898074753,0,0.0,0.9358896380720643,5,63.0,0.13804780718178553,7,119.0,0.34578160573397354,6,51.0,0.45980307865112224,35,633.0
1040.0,45,632.0,3.590909090909091,7.501766071438016,18,411.0,0.10655045659887573,0,0.0,1.0,0,4.0,0.9438153371709976,3,46.0,0.4856016335084983,0,12.0,0.5045246019189651,0,0.0,0.9382392892225005,3,78.0,0.5669694967040121,5,77.0,0.5039517234937083,6,81.0,0.2597190127938957,35,709.0
1045.0,39,628.0,3.5681818181818183,7.126037733955865,20,507.0,0.11882000733154198,0,0.0,0.9835448942362215,0,4.0,0.9339152459198732,2,60.0,0.556990844533515,1,8.0,0.12480747815632807,0,0.0,0.9268879307462686,0,53.0,0.7530975440645897,0,36.0,0.5802564693706562,6,78.0,0.1941698856023423,29,746.0
1050.0,39,563.0,3.1807909604519775,7.389822794547069,22,457.0,0.14319810390234358,0,0.0,0.9880512617258389,0,8.0,0.8885782371666597,3,45.0,0.4976478737520298,2,21.0,0.5834146607131556,0,0.0,0.9643498539972064,2,37.0,0.4090101287986748,0,8.0,0.5978650633318009,2,77.0,0.49908702357375184,31,653.0
1055.0,30,356.0,2.022727272727273,7.4248344014753265,13,383.0,0.21663501930508014,0,0.0,0.6515108746355256,0,4.0,0.7661447530067553,0,0.0,0.8499192542439187,1,13.0,0.7269447557143002,0,0.0,1.0,5,92.0,0.2427536502927675,2,3.0,0.489321416461633,3,103.0,0.5360979471122358,24,598.0
1060.0,32,406.0,2.346820809248555,7.872088487540119,11,365.0,0.18184133993199603,1,4.0,0.6580605913095073,2,9.0,0.5405097939659032,1,4.0,0.3852036592827575,0,8.0,0.9063019448685249,0,0.0,1.0,5,115.0,0.2734135018025336,2,11.0,0.5250728626755099,3,93.0,0.540051070385159,25,609.0
1065.0,37,431.0,2.4770114942528734,7.825572564651404,10,370.0,0.19868567074011975,1,9.0,0.613776408476868,2,19.0,0.534066599270483,5,30.0,0.4779331512139214,0,0.0,0.6901034055633779,0,0.0,0.9425673511036541,4,71.0,0.35045361914260836,3,25.0,0.5383945168628816,1,47.0,0.5937832369165661,26,571.0
1070.0,48,605.0,3.4770114942528734,7.4503428053251355,13,415.0,0.1151175831220763,1,14.0,0.7146088090222661,2,29.0,0.6164358710216898,7,68.0,0.46956946586690895,2,7.0,0.5242871648987212,0,0.0,0.987152557983869,1,53.0,0.4416224801590115,5,52.0,0.5183377297545284,3,64.0,0.2937876602830602,34,702.0
1075.0,61,793.0,4.531428571428571,6.989711564131321,17,490.0,0.060948218413895375,0,0.0,0.9491336710330187,1,20.0,0.603557806914472,5,86.0,0.5670593465783843,3,20.0,0.4878496858708928,0,0.0,0.9485566843770831,3,19.0,0.5410057016411421,7,82.0,0.3932443996097877,7,94.0,0.20561991793379583,43,811.0
1080.0,55,842.0,4.757062146892656,6.93235590847459,20,588.0,0.008886854537392588,0,0.0,0.8025136181561774,2,13.0,0.6957818905428143,1,62.0,0.66786459411316,0,0.0,0.9640322592836994,0,0.0,1.0,3,92.0,0.24461429440149435,6,48.0,0.2812475529730511,7,126.0,0.2824228389232054,39,929.0
1085.0,49,895.0,5.0852272727272725,7.482603426646503,21,697.0,0.05252178844823002,1,3.0,0.21748369354365943,2,19.0,0.650598152844931,1,14.0,0.6869136986266041,0,8.0,0.8723414792590617,0,0.0,0.9544265864210061,4,111.0,0.2549430067760233,8,83.0,0.24190620501170418,3,69.0,0.5723975361338808,40,1004.0
1090.0,39,838.0,4.788571428571428,8.088303555682693,20,715.0,0.11307800210452836,2,15.0,0.48766704983600995,3,34.0,0.6469988900362977,1,10.0,0.6968844409070973,0,12.0,0.8943416192968636,0,0.0,0.7987586569012651,1,173.0,0.608205524890335,9,130.0,0.29607699856184133,0,60.0,0.7051078609974644,36,1149.0
1095.0,33,608.0,3.4545454545454546,8.30269153276677,15,712.0,0.15835168188035684,0,4.0,0.7252417346681445,3,49.0,0.6890641513387784,1,15.0,0.4764938539782851,0,12.0,0.9662326284975575,0,0.0,0.9569046070277677,1,199.0,0.5448524588428898,9,179.0,0.30447347797508256,2,91.0,0.611292436948988,31,1261.0
1100.0,35,482.0,2.7386363636363638,7.920670825686798,14,604.0,0.16906660250908942,1,7.0,0.49384132805605685,1,28.0,0.8360041325881973,1,24.0,0.504225538986685,1,15.0,0.7278427286025936,0,0.0,1.0,2,208.0,0.38173641443896894,7,160.0,0.29836711890553164,2,104.0,0.6990950554915599,29,1150.0
1105.0,31,427.0,2.4825581395348837,7.821141958607303,14,544.0,0.2232358364343313,1,12.0,0.4439637579474811,1,7.0,0.7818636182956381,1,29.0,0.7657301750484646,1,8.0,0.22993634288782028,0,0.0,0.9414478859993491,4,226.0,0.2971426352232357,2,118.0,0.41117470832901043,3,99.0,0.5057988889255007,27,1043.0
1110.0,33,457.0,2.6569767441860463,7.709441848945627,13,509.0,0.16492193333433933,1,17.0,0.4801674046287269,3,19.0,0.6637299458552334,1,38.0,0.8452996968636661,3,28.0,0.4489770404501258,0,0.0,1.0,3,133.0,0.278447860318869,2,44.0,0.4422660859685716,6,104.0,0.22757869633506222,32,892.0
1115.0,35,347.0,2.0903614457831323,7.577441603838112,10,493.0,0.20606166482367738,0,8.0,0.8185195287236506,5,44.0,0.5644875367735899,1,39.0,0.3882260886035807,4,43.0,0.5036861617590668,0,3.0,0.9871108681431084,1,67.0,0.4211848530650025,3,44.0,0.36825572677021795,5,112.0,0.3305823456041263,29,853.0
1120.0,29,286.0,1.7439024390243902,8.005513920606004,11,391.0,0.1292630586732043,0,8.0,0.8969082648661157,1,24.0,0.7701392976407657,3,53.0,0.42204568503649753,0,8.0,0.7961202671081183,0,3.0,0.9403273119867618,4,51.0,0.4599736281651307,3,55.0,0.24482612527753328,5,129.0,0.43081038123075244,27,722.0
1125.0,28,305.0,1.8484848484848484,8.505985943441413,11,366.0,0.12033918380550727,1,11.0,0.7660709725383354,0,4.0,0.8909715306633599,2,18.0,0.5292939314808901,1,10.0,0.6173552446715135,0,0.0,1.0,5,69.0,0.4281810223557715,1,46.0,0.5406821499902501,6,155.0,0.35574875122859256,27,679.0
1130.0,26,302.0,1.78698224852071,8.280256871204502,12,364.0,0.10193332124616855,1,16.0,0.6777132368408526,1,8.0,0.8368054064996646,0,12.0,0.7721237373381306,3,23.0,0.4072986997188922,0,4.0,0.9595188181029352,2,51.0,0.5659538384828605,2,56.0,0.7304847291856486,4,84.0,0.18980292631746024,25,618.0
1135.0,27,245.0,1.4497041420118344,8.421640107800677,11,364.0,0.17909842170465481,0,8.0,0.955265216076868,1,13.0,0.8067689552702397,1,6.0,0.7981223898309765,6,48.0,0.39210706976694365,0,0.0,0.9886263769241785,0,44.0,0.7750714880062861,2,70.0,0.5398327186738883,3,10.0,0.20714060142280485,24,563.0
1140.0,31,293.0,1.69364161849711,7.7921910446891784,8,262.0,0.2384819544779696,0,8.0,0.9462330696299066,1,18.0,0.7902130155410301,3,16.0,0.39531805817371307,7,58.0,0.3490976559304166,0,0.0,0.959312231303464,1,41.0,0.7247533738266163,6,91.0,0.3524425561252953,3,23.0,0.0,29,517.0
1145.0,30,310.0,1.7919075144508672,7.601871094528154,8,257.0,0.31647963976770754,0,4.0,0.8490947112514243,0,4.0,0.7398634486200706,2,19.0,0.22156097058736532,4,66.0,0.16882958433535392,0,4.0,0.9849247428967249,4,50.0,0.2645065864666199,3,85.0,0.44781726078303713,3,38.0,0.4005963381975324,24,527.0
1150.0,27,390.0,2.215909090909091,7.951927009170703,10,267.0,0.1060577584577984,1,5.0,0.6897317922063133,0,4.0,0.7671802691795282,0,4.0,0.8274451772113863,4,60.0,0.2914699077343286,0,0.0,0.8768468103831597,1,24.0,0.39389304960835714,4,103.0,0.35350198948830747,3,59.0,0.5699025130669002,23,526.0
1155.0,28,400.0,2.2988505747126435,8.485810951838717,9,240.0,0.1518137279919701,1,6.0,0.47702563106802337,1,6.0,0.6011705806524219,1,11.0,0.8390276545012709,4,67.0,0.4274293902757158,0,0.0,0.5704339479411534,3,33.0,0.4501198829098333,6,129.0,0.2918405233206633,0,6.0,0.7172540568739378,25,498.0
1160.0,22,356.0,2.0,8.655502252034644,5,223.0,0.24879917749677907,1,11.0,0.6165298694142621,1,11.0,0.7286500400951391,1,12.0,0.8511061576399779,1,13.0,0.7013315184144552,0,4.0,0.9699021142257298,3,39.0,0.44612074608491215,6,164.0,0.37675422279676346,1,9.0,0.6211227632586853,19,486.0
1165.0,27,373.0,2.083798882681564,8.899759489575178,5,192.0,0.29487247763623203,1,16.0,0.7329518391201774,0,4.0,0.9257978505225303,1,25.0,0.7301146550992498,1,18.0,0.7779427858904772,0,0.0,0.9412218237839747,5,69.0,0.33398662041619964,6,91.0,0.3839674487114685,1,18.0,0.6591031197683482,20,433.0
1170.0,27,356.0,2.0112994350282487,8.332273931978305,7,180.0,0.22346081412529564,3,26.0,0.47349669506312014,0,4.0,0.8991326936242279,2,33.0,0.6260667056285839,1,19.0,0.5927686936728871,0,0.0,0.9536787344046663,3,48.0,0.285278021006634,2,48.0,0.5698092207354534,3,38.0,0.5297797837774133,21,396.0
1175.0,31,349.0,1.9606741573033708,8.327380643586787,7,174.0,0.2461302165762842,3,41.0,0.38153530810067177,0,4.0,0.9341538086997458,2,35.0,0.7173161086155883,3,28.0,0.3072791827813327,0,0.0,0.9572350577025458,1,43.0,0.5243360255204816,3,26.0,0.5102101800553288,3,34.0,0.5266578378692208,22,385.0
1180.0,36,425.0,2.442528735632184,8.601490199213812,5,152.0,0.3540079474700323,3,56.0,0.382794519893869,0,8.0,0.8433645517728909,3,43.0,0.5424237979975916,4,26.0,0.3654254653219571,0,7.0,0.9297888561984983,2,34.0,0.6303656761972759,6,51.0,0.4323387093591533,1,35.0,0.7421023154514467,24,412.0
1185.0,33,473.0,2.718390804597701,7.836914058045436,7,171.0,0.21455289568944133,2,28.0,0.4845052097326494,0,4.0,0.7678428320439953,3,66.0,0.5140133466360167,1,24.0,0.5093932697017152,0,7.0,0.9800698467449824,2,44.0,0.27262655606900144,4,60.0,0.34979029537252315,3,29.0,0.4685083975424149,22,433.0
1190.0,36,503.0,2.9415204678362574,7.573883682760941,9,211.0,0.09784365252411513,1,10.0,0.45510925984861317,1,6.0,0.7937910043071806,1,19.0,0.5819193397277244,1,19.0,0.6572097577610814,0,0.0,0.9431364126202367,2,72.0,0.38624531719859917,5,61.0,0.3670692947210223,4,48.0,0.3434209248894137,24,446.0
1195.0,32,591.0,3.6036585365853657,7.824147867512262,10,267.0,0.14575488192040073,1,15.0,0.4441543675184813,2,17.0,0.6340175611961593,0,4.0,0.7969121449854701,2,27.0,0.586383831078426,0,3.0,0.9400803623996989,0,55.0,0.7038713719468581,5,86.0,0.38020779635395496,2,13.0,0.47725332569453177,22,487.0
1200.0,30,499.0,3.061349693251534,7.862760006127813,10,229.0,0.11389431319256706,1,20.0,0.6529515928731021,3,35.0,0.5669802653649192,1,7.0,0.6649587689739347,3,39.0,0.6065721779317104,0,6.0,0.9748079586966247,0,13.0,0.328245661252918,6,120.0,0.43342642637949896,0,0.0,0.9078707318440264,24,469.0
1205.0,28,338.0,2.0609756097560976,7.972038093188034,7,220.0,0.27382105642765575,0,4.0,0.7585545279846193,2,22.0,0.6728334611162484,4,24.0,0.2662028043261907,1,17.0,0.7565075277482954,0,0.0,0.9706172566338944,6,52.0,0.2534662891879154,6,150.0,0.34719556708101124,0,0.0,0.6737513180649395,26,489.0
1210.0,28,380.0,2.317073170731707,7.840129757182162,6,172.0,0.41593809623813155,0,4.0,0.9026941190704566,1,15.0,0.750744745246883,5,39.0,0.44696304051059527,1,13.0,0.5174560561021015,0,0.0,0.9348036955915474,4,69.0,0.4012572373475313,6,162.0,0.42714350337658874,1,5.0,0.5773564170054042,24,479.0
1215.0,25,362.0,2.180722891566265,8.441272896191713,9,197.0,0.13138000984810863,1,6.0,0.4428038509751157,1,13.0,0.7746849029133466,1,19.0,0.7066861363790626,4,22.0,0.2699555779176541,0,0.0,0.9431346686098766,2,45.0,0.6145859653843475,4,161.0,0.4884384140632077,2,6.0,0.4792678467238764,24,469.0
1220.0,31,379.0,2.2294117647058824,8.254480332764327,11,146.0,0.20611839210961164,1,11.0,0.4596290830364404,1,22.0,0.8143270811426373,1,17.0,0.7602385922361617,5,44.0,0.2878815116540301,0,46.0,0.854632407394067,4,54.0,0.38530683672573834,7,172.0,0.3058812984279141,1,11.0,0.4951253091641089,31,523.0
1225.0,29,348.0,2.0470588235294116,8.878339036166015,3,98.0,0.3664015421340004,0,4.0,0.9436549685581297,0,9.0,0.6064779247560353,1,14.0,0.7231200616187329,4,39.0,0.408423316629833,0,33.0,0.787745636275109,6,80.0,0.42116449696500846,9,215.0,0.32857749045464024,1,6.0,0.44620791899457873,24,498.0
1230.0,23,212.0,1.2619047619047619,8.862131210221637,6,55.0,0.3361156946409185,0,4.0,0.9776501849116784,1,9.0,0.7727204362135751,1,25.0,0.8074393124680408,0,29.0,0.4377703750783742,0,55.0,0.758374620583421,3,48.0,0.4379967522876955,6,83.0,0.21419002000507498,1,11.0,0.6230131524502937,18,319.0
1235.0,25,259.0,1.5235294117647058,8.636692893355733,7,86.0,0.3188753332686046,0,4.0,0.7073345117378591,1,13.0,0.35502793986828796,1,30.0,0.6020490873777785,0,4.0,0.6135330355247797,0,0.0,0.734591333649091,0,4.0,0.5170147594207919,9,114.0,0.08807877130192851,0,0.0,0.8211428494149376,18,255.0
1240.0,33,383.0,2.2662721893491122,9.155633421702602,8,97.0,0.27756592504118777,1,6.0,0.45112174778286096,3,30.0,0.3952403711477485,3,37.0,0.6912477760557679,0,4.0,0.690971135003086,0,0.0,0.9948078341732391,0,8.0,0.7961974379185892,9,155.0,0.2211087481548928,0,8.0,0.595472363371168,24,345.0
1245.0,33,349.0,2.052941176470588,8.306750230578864,4,105.0,0.28032844424137904,1,11.0,0.44421502312409494,0,4.0,0.7434263341106857,4,21.0,0.5314680137392607,1,5.0,0.7680487149515064,0,29.0,0.9778699800022724,3,32.0,0.26081314758858176,9,200.0,0.29836005277567923,2,11.0,0.23303573237174985,24,418.0
1250.0,28,295.0,1.7664670658682635,7.73959051802885,5,76.0,0.48581444867067763,0,0.0,1.0,0,0.0,0.9480099458448059,5,42.0,0.5266882912301273,1,10.0,0.6375497451763631,0,29.0,0.970209571899374,1,37.0,0.512091695589633,7,166.0,0.1914648492354064,3,26.0,0.31288447109649375,22,386.0
1255.0,30,253.0,1.505952380952381,8.125802820087259,7,73.0,0.45098507399894,0,0.0,1.0,0,0.0,0.9057278996954501,10,85.0,0.3057089183980205,2,18.0,0.37536959923722163,0,0.0,1.0,1,23.0,0.5695824613928672,4,123.0,0.1970492411768079,2,11.0,0.5738374603969263,26,333.0
1260.0,40,383.0,2.2529411764705882,7.591503535195198,11,87.0,0.2438282416091525,0,0.0,1.0,1,2.0,0.6133808598999059,14,150.0,0.2974525546002359,3,39.0,0.3412789785520751,0,0.0,0.962640886436517,2,89.0,0.506461247213689,5,102.0,0.3011140786894403,1,6.0,0.6622800571342162,37,475.0
1265.0,40,393.0,2.3674698795180724,7.1585619314586255,11,102.0,0.30473364495562494,0,0.0,1.0,0,0.0,0.9469248925018551,12,128.0,0.19202374448317047,4,41.0,0.5341091113998524,0,4.0,0.7229307586121463,3,95.0,0.4362804231643561,5,118.0,0.32925370328892495,1,11.0,0.6664700701887619,36,499.0
1270.0,24,318.0,1.9272727272727272,8.215287769144583,10,157.0,0.3512180533630801,0,0.0,0.8986340762041696,0,0.0,0.9284696237911932,3,90.0,0.4163157417572133,0,29.0,0.715008864119612,0,4.0,0.961242611928661,2,63.0,0.4884164557818053,6,140.0,0.220777426613785,2,23.0,0.5377042406981275,23,506.0
1275.0,27,355.0,2.1515151515151514,8.238416714874512,12,206.0,0.23674093238884733,0,0.0,0.9731978187151139,1,1.0,0.8047278957090847,2,57.0,0.5772023052820437,0,12.0,0.66949887805216,0,0.0,0.9381067022952018,1,87.0,0.5434631053134752,7,130.0,0.17744234821953908,3,42.0,0.3769118471312617,26,535.0
1280.0,23,251.0,1.485207100591716,8.475629593316345,12,179.0,0.24489432064166683,0,0.0,0.9278417462383599,1,10.0,0.8243651091736934,2,37.0,0.6290642781202722,0,8.0,0.5697586701984325,0,0.0,0.9470727278785088,2,87.0,0.4654253533530996,3,104.0,0.30521364698829284,3,53.0,0.49614987842977726,23,478.0
1285.0,26,318.0,1.8816568047337279,8.942987707188852,10,195.0,0.27198271753268616,0,0.0,0.9588674939499638,1,15.0,0.7898955901742835,4,55.0,0.5783173694354352,2,6.0,0.5290810924653487,0,6.0,0.9862738575307426,4,103.0,0.274171383750031,2,46.0,0.5924490407153005,3,64.0,0.37430480254306725,26,490.0
1290.0,31,423.0,2.488235294117647,8.793524440007296,13,229.0,0.1283742066188805,0,0.0,0.9438231680262797,2,25.0,0.6812236711058125,4,78.0,0.579743232966697,2,16.0,0.574388454077247,0,8.0,0.95514924440023,2,26.0,0.550724392581815,2,41.0,0.552566078486162,3,79.0,0.3654355969632627,28,502.0
1295.0,37,521.0,3.0115606936416186,8.709812006048557,14,299.0,0.0031868338895238157,0,0.0,0.9255774295982026,1,10.0,0.838768030886389,6,103.0,0.4042635615353668,4,30.0,0.5953084437979423,0,22.0,0.9486428177273054,0,20.0,0.6018665690985814,2,22.0,0.5527254258164136,3,94.0,0.3783669821235778,30,600.0
1300.0,32,443.0,2.621301775147929,7.902285367345011,14,320.0,0.06290091214896389,1,2.0,0.6392301008548956,1,9.0,0.7907134870012976,5,57.0,0.26927375053444363,1,8.0,0.5991887251020399,0,24.0,0.9606733926052009,1,16.0,0.5312056991498735,3,33.0,0.5633450495010199,0,0.0,0.5744987833629953,26,469.0
1305.0,32,356.0,2.119047619047619,7.6835212131686115,10,335.0,0.1791475968727628,1,7.0,0.47516060397912846,2,16.0,0.6975523974546834,5,50.0,0.2731680299500139,2,13.0,0.29662146428441705,0,4.0,0.9549455592887304,3,38.0,0.5240438387461205,3,56.0,0.586133576160764,0,8.0,0.9485102926338526,26,527.0
1310.0,34,300.0,1.7751479289940828,7.597297513218914,6,284.0,0.2902584277029978,0,0.0,1.0,3,10.0,0.4826121094184329,6,99.0,0.3285354563977066,6,34.0,0.29090248803461316,0,0.0,0.9981443259260925,4,25.0,0.34413968982129217,5,78.0,0.45728514577413737,0,8.0,0.5640970087198486,30,538.0
1315.0,35,369.0,2.1834319526627217,7.732746919466689,4,233.0,0.38620112378934446,0,0.0,1.0,3,15.0,0.5365904849944848,7,147.0,0.2632801594412857,7,64.0,0.20312285285523135,0,0.0,0.9958439773323049,3,23.0,0.35608115460940615,4,44.0,0.1402361005138714,3,19.0,0.5408771960171915,31,545.0
1320.0,30,322.0,1.861271676300578,7.404672660967689,7,236.0,0.21804634444870494,0,0.0,0.9353209859962548,3,34.0,0.5003560879010303,5,130.0,0.313464737390782,6,71.0,0.1709686348764825,0,0.0,0.7675882850322908,4,35.0,0.4193701112353254,1,27.0,0.35221181652728584,3,17.0,0.4546275321697251,29,550.0
1325.0,24,184.0,1.069767441860465,8.443068037843904,6,228.0,0.30997571656680495,0,0.0,0.823707024863431,4,52.0,0.5493586676527272,2,128.0,0.4014495131011547,2,88.0,0.3708460633164957,0,0.0,0.9683244009913388,5,61.0,0.3511831363504505,1,10.0,0.540856367316135,1,8.0,0.6527427823302591,21,575.0
1330.0,27,251.0,1.4764705882352942,8.657579058827782,8,203.0,0.2329073699816454,0,0.0,0.7184154527887687,1,20.0,0.8330662540300996,1,93.0,0.5872721462240007,2,53.0,0.6426934175680402,0,0.0,0.9508506832579263,6,97.0,0.28929025428495686,1,19.0,0.6964883470243141,2,18.0,0.5916402126392005,21,503.0
1335.0,33,305.0,1.7630057803468209,8.261439077212877,12,255.0,0.11364662975651407,0,0.0,1.0,1,6.0,0.7850355271941303,1,73.0,0.6052429268784428,2,38.0,0.7224370604321817,0,15.0,0.9033816724245225,4,66.0,0.35565042599078867,1,6.0,0.6173152980704721,3,32.0,0.5784855308099602,24,491.0
1340.0,32,310.0,1.7919075144508672,7.895710781925334,13,274.0,0.12221220408239986,0,0.0,0.9256774501794878,1,11.0,0.8332880207643828,2,33.0,0.5983863237629701,2,22.0,0.5029469699012621,0,15.0,0.94765770968695,2,22.0,0.45198580564105373,0,0.0,0.8073564597936422,2,7.0,0.3738672660207398,22,384.0
1345.0,42,389.0,2.2485549132947975,7.712595620035147,12,255.0,0.1732825612739723,0,0.0,0.9631710735308651,1,16.0,0.8356645242815753,4,55.0,0.6055164376588892,3,21.0,0.3503951382947886,0,0.0,1.0,4,30.0,0.4864023107273949,1,8.0,0.5640500142631721,3,25.0,0.41630014583270686,28,410.0
1350.0,42,500.0,2.857142857142857,7.505195621329155,10,246.0,0.16754362923228447,1,1.0,0.0009955031712766272,0,0.0,0.942693805284026,4,71.0,0.6390243894082742,4,32.0,0.3264898264761531,0,0.0,1.0,4,50.0,0.3950173571733723,2,18.0,0.6451124721357813,5,44.0,0.322364410673967,30,462.0
1355.0,37,460.0,2.569832402234637,7.358931845822155,8,236.0,0.320560695636239,1,6.0,0.0,0,0.0,0.9349756451468549,4,52.0,0.3381360729820783,4,52.0,0.19315942437544664,0,0.0,1.0,3,42.0,0.3727564991299234,2,28.0,0.43878265429312996,6,72.0,0.1306192933078715,28,488.0
1360.0,30,356.0,2.0112994350282487,8.18470613131825,9,227.0,0.37196980445102545,1,11.0,0.0,0,0.0,0.8373416192575492,5,42.0,0.2793414115872649,2,24.0,0.3851108221950371,0,2.0,0.9150589562495028,2,42.0,0.5204449110751468,4,45.0,0.42470101391891263,4,66.0,0.2952448864725148,27,459.0
1365.0,36,412.0,2.395348837209302,8.090546567259777,10,245.0,0.3774215741685529,2,20.0,0.3112921643801653,1,7.0,0.8041135656121959,6,73.0,0.4226020835398164,0,0.0,0.8153939842338505,0,0.0,0.9345464774239861,3,44.0,0.46773931556724974,5,71.0,0.42521309195564017,2,17.0,0.5206784712838646,29,477.0
1370.0,42,534.0,3.1228070175438596,7.569107022676668,12,267.0,0.16564611504942,0,4.0,0.8504592006099947,1,6.0,0.8359570450486563,7,94.0,0.34823994594585705,1,1.0,0.7312174530610721,0,0.0,0.9393355073559526,6,53.0,0.2947881839431738,5,94.0,0.4202843126031071,2,26.0,0.47314340095756285,34,545.0
1375.0,40,601.0,3.5773809523809526,7.503773710190837,14,338.0,0.0624751674295446,0,4.0,0.9453532409195409,2,13.0,0.7812514414384398,5,62.0,0.47248668338878336,1,6.0,0.4173663040640258,0,21.0,0.6760800978156164,4,35.0,0.38970937477341466,6,125.0,0.36550208103406945,2,36.0,0.325988621901166,34,640.0
1380.0,42,611.0,3.6153846153846154,7.07865765752365,18,422.0,0.04502067946003265,0,4.0,0.9576046361700324,2,22.0,0.8043632799760938,4,56.0,0.3356821931367256,2,19.0,0.4664841239140586,0,49.0,0.9193385102966503,2,23.0,0.4746602113669831,6,80.0,0.19415407792244085,0,20.0,0.8753003292916817,34,695.0
1385.0,39,676.0,3.9302325581395348,7.5210943856038,20,520.0,0.07604937959593054,0,4.0,0.9512004790723233,2,36.0,0.8526277734055698,2,39.0,0.45732073952062324,0,4.0,0.9391205158445015,0,49.0,0.9642413802539926,2,56.0,0.3855461125634891,3,66.0,0.3667057988842309,0,28.0,0.7336570863467332,29,802.0
1390.0,41,675.0,3.9244186046511627,7.393838390706397,19,451.0,0.13515747520390295,0,4.0,0.9168157721421353,1,9.0,0.7360360176198127,3,48.0,0.37032505047485353,0,8.0,0.7078558002937049,0,0.0,1.0,3,70.0,0.4330548035096358,3,54.0,0.5969660172833998,1,61.0,0.5544972688155649,30,705.0
1395.0,34,413.0,2.3735632183908044,7.425860229489965,8,379.0,0.17174843637423287,0,0.0,0.9551371233955379,4,21.0,0.6552033592260299,2,31.0,0.47591685136361483,0,8.0,0.8926626023823273,0,0.0,1.0,2,85.0,0.38863830652617803,3,67.0,0.31346392757184377,6,78.0,0.25543534675200347,25,669.0
1400.0,26,296.0,1.6914285714285715,8.363821924655534,5,242.0,0.21084398024439593,0,0.0,0.9175423513495213,5,44.0,0.6204717584066027,3,31.0,0.44893841518490396,0,12.0,0.8684034576749683,0,0.0,0.6067030095782746,0,55.0,0.6433949738175214,4,36.0,0.27115784654566166,5,86.0,0.25802650587528725,22,506.0
1405.0,27,358.0,2.057471264367816,8.497217911039098,7,228.0,0.23606941015936872,0,8.0,0.9143444168845521,5,69.0,0.5710686329154944,7,57.0,0.2164142678370376,0,8.0,0.5963709935224669,0,0.0,0.9916723916765174,0,40.0,0.6287791928484788,2,25.0,0.37834399619000386,0,57.0,0.49573893906741906,21,492.0
1410.0,33,367.0,2.073446327683616,8.200431588334236,8,219.0,0.18372924073370642,0,12.0,0.9159362376007026,4,57.0,0.5443342903286816,7,96.0,0.16731584724530324,0,4.0,0.6189764448069242,0,0.0,1.0,3,28.0,0.37863498011627833,3,27.0,0.5136492497774349,1,15.0,0.7248285612902573,26,458.0
1415.0,39,290.0,1.6666666666666667,8.054906702652842,8,223.0,0.23840409968925305,0,14.0,0.9556496722364937,2,32.0,0.572022068922495,5,81.0,0.4396057433820516,1,2.0,0.780542988810066,0,0.0,1.0,6,43.0,0.2888568716065587,4,43.0,0.49020824577578853,1,12.0,0.6614257192471554,27,450.0
1420.0,38,310.0,1.7816091954022988,7.806961377545612,9,145.0,0.23767221507378158,0,14.0,0.7658871255930251,3,21.0,0.5605572823118237,1,48.0,0.5635958799595744,1,7.0,0.6418230753888148,0,0.0,1.0,6,37.0,0.25036966687738,2,11.0,0.5792679527704042,2,12.0,0.4785988714713442,24,295.0
1425.0,39,412.0,2.327683615819209,7.675489536411322,8,167.0,0.21556134266740853,1,19.0,0.7890541058126925,5,43.0,0.5342749667042433,1,16.0,0.6827551479256382,1,9.0,0.4128676225150674,0,0.0,0.9233742041070643,2,21.0,0.37283768473630396,2,17.0,0.372043651856716,3,27.0,0.5780362408745291,23,319.0
1430.0,40,495.0,2.7966101694915255,8.126943387633021,8,138.0,0.09809039381480344,1,22.0,0.6814836493418017,2,54.0,0.6234608682021382,1,12.0,0.6315136607834004,2,20.0,0.6109956022577967,0,33.0,0.9275678275739683,4,22.0,0.40217105642477585,3,29.0,0.33260912692910366,4,35.0,0.5399729679508402,25,365.0
1435.0,40,507.0,2.864406779661017,7.944526753813091,4,129.0,0.2323993196812448,1,13.0,0.5181960614109625,2,15.0,0.6068965043287865,1,17.0,0.0,3,35.0,0.6503886697605101,0,42.0,0.8786731721366685,4,69.0,0.3518091162758797,3,44.0,0.4638895250251667,5,57.0,0.40714910879478194,23,421.0
1440.0,31,416.0,2.3908045977011496,8.006835981420288,3,105.0,0.41450209300684887,0,0.0,0.7782353292229286,3,28.0,0.6950949354762217,1,26.0,0.7211244948962907,3,46.0,0.4914670874282886,0,9.0,0.8950724340685331,5,55.0,0.20575803505387724,3,59.0,0.5337185281801221,2,22.0,0.32294707525709737,20,350.0
1445.0,28,359.0,2.0994152046783627,8.179269885984212,3,84.0,0.42144783518565826,0,0.0,0.9106953702475085,3,43.0,0.6852103641531933,0,4.0,0.9571290080971646,3,45.0,0.4089395414140732,0,0.0,1.0,4,38.0,0.1823099823500635,3,78.0,0.5157598270512249,2,20.0,0.4681266266228029,18,312.0
1450.0,28,294.0,1.7818181818181817,8.061385497151065,6,61.0,0.18693367106447578,0,8.0,0.955330888098532,4,62.0,0.6504964953436259,0,8.0,0.8147484145853997,1,23.0,0.42795313314294087,0,0.0,0.9456636619934721,5,63.0,0.240951758267193,4,92.0,0.378079737712205,3,50.0,0.4035786918343554,23,367.0
1455.0,32,235.0,1.4596273291925466,8.216979916506927,8,75.0,0.18322715697815276,0,8.0,0.9807000054906793,3,39.0,0.5769370715713867,3,15.0,0.5447591022526869,0,6.0,0.511752979598101,0,0.0,1.0,7,161.0,0.258802371298558,1,8.0,0.5586800036107922,3,64.0,0.45532849416899523,25,376.0
1460.0,32,307.0,1.906832298136646,7.940087100036688,9,96.0,0.09718846018946677,0,8.0,0.9674534943802768,2,9.0,0.6474271513867029,4,37.0,0.628887243535408,2,11.0,0.5183540770316618,0,0.0,1.0,3,180.0,0.49253037171501707,1,5.0,0.49697260534216603,3,59.0,0.48524469717460167,24,405.0
1465.0,35,339.0,2.0925925925925926,7.294380672681304,10,144.0,0.09687087503253565,1,10.0,0.8183417331777295,2,18.0,0.6075384877888659,7,61.0,0.4867406061824411,1,13.0,0.5622496020561837,0,0.0,0.925262364745968,1,201.0,0.4828254053022083,3,10.0,0.13969384283191125,3,85.0,0.43287352480668506,28,542.0
1470.0,47,392.0,2.4049079754601226,6.6397198479323345,8,145.0,0.15404008690720253,1,11.0,0.7979466503186797,3,37.0,0.4140251173247078,5,28.0,0.4552538408427578,2,19.0,0.5830996564853196,0,1.0,0.7395092862531024,4,254.0,0.28279406694208503,4,28.0,0.19701967418691343,2,41.0,0.4731119421298006,29,564.0
1475.0,33,318.0,1.9272727272727272,7.180907436217255,3,106.0,0.3020884320374264,0,4.0,0.5695751311498659,3,12.0,0.2841935992511772,1,14.0,0.6458147690438518,2,41.0,0.5713229632169182,0,1.0,0.9196858588541518,5,261.0,0.15975012787484089,2,31.0,0.6219656637416824,3,47.0,0.49554219311046666,19,517.0
1480.0,35,354.0,2.1717791411042944,7.791731945402022,4,77.0,0.39269080275385554,1,8.0,0.7347058686509974,0,4.0,0.7740712114692294,2,31.0,0.6497280566974072,5,62.0,0.5592168674521573,0,0.0,0.8127734628694043,6,172.0,0.12863330444947904,2,28.0,0.5495943419369064,4,51.0,0.3200591186129372,24,433.0
1485.0,30,406.0,2.4907975460122698,8.323845981299698,4,98.0,0.34780491883987114,1,9.0,0.6531621466464268,0,0.0,0.994163515833394,2,26.0,0.6291947963972743,4,60.0,0.47909908183005256,0,55.0,0.9726254322003033,2,174.0,0.48776703221235207,1,33.0,0.622760524866088,5,75.0,0.15997160238986444,19,530.0
1490.0,27,334.0,2.0617283950617282,8.469528044199837,6,124.0,0.3748178785877076,1,14.0,0.47615376267878,0,4.0,0.9297548117988776,2,25.0,0.3600948377174542,5,61.0,0.30932985760958503,0,101.0,0.9364659098967438,3,81.0,0.5609770800297107,2,35.0,0.44883619335973074,3,50.0,0.3114217561381442,22,495.0
1495.0,27,329.0,2.0060975609756095,9.200566907726452,6,158.0,0.33358360292815353,1,4.0,0.4529376266716633,0,4.0,0.9282257646934465,3,24.0,0.5912782800225385,7,71.0,0.3378653216224468,0,57.0,0.9520824400102244,3,106.0,0.39990275397746855,2,45.0,0.4716942014094053,1,26.0,0.6926900681315432,23,495.0
1500.0,29,384.0,2.4,7.766329989357734,8,193.0,0.22392242824062975,0,0.0,0.8371516564211023,0,4.0,0.9682019299602251,3,43.0,0.6494256135839354,7,98.0,0.3091203954588267,0,4.0,0.978776435070858,4,66.0,0.15602093986698398,1,9.0,0.5051458479410742,1,18.0,0.6099938948274035,24,435.0
1505.0,26,380.0,2.4050632911392404,7.882905919634097,9,228.0,0.14373090229638164,0,0.0,0.9646821861337815,0,4.0,0.7244243495032321,5,61.0,0.49513499180009285,3,53.0,0.46080787148896274,0,0.0,1.0,2,12.0,0.30482940390467245,1,10.0,0.6981539499760046,2,31.0,0.6737795885876817,22,399.0
1510.0,27,369.0,2.396103896103896,7.633424223427456,11,279.0,0.04525379541969779,0,0.0,0.48472623347589966,1,8.0,0.6818321778609245,5,44.0,0.503755839180856,1,20.0,0.5200806425149239,0,0.0,1.0,3,18.0,0.402271562419886,1,5.0,0.7074867900687766,2,19.0,0.4708906255779395,24,393.0
1515.0,28,433.0,2.7579617834394905,7.971209583979001,12,337.0,0.07159231393124589,0,0.0,0.7394418069316873,0,4.0,0.895751689991395,0,15.0,0.5164056115879733,2,16.0,0.6358821516123836,0,9.0,0.9335785008081794,3,31.0,0.20988671000180467,2,15.0,0.6669500171462298,2,24.0,0.5816966554889121,21,451.0
1520.0,31,566.0,3.4723926380368098,8.41504041502756,13,406.0,0.09370288117493988,0,0.0,0.962533743393957,0,0.0,0.8123182866088202,1,4.0,0.6496166029328881,3,30.0,0.5942991242420437,0,9.0,0.9052453841014092,4,125.0,0.3020585691787908,1,19.0,0.8011317887124063,2,30.0,0.5270732007941124,24,623.0
1525.0,36,456.0,2.7804878048780486,7.625854103820588,11,266.0,0.14341111426943867,0,0.0,0.745624092414288,2,5.0,0.38664946570813113,1,9.0,0.6730375220443604,1,10.0,0.49149400496076884,0,2.0,0.9651121495454893,5,126.0,0.13606274123369236,3,25.0,0.5859758332060285,3,50.0,0.40227724803894677,26,493.0
1530.0,32,251.0,1.5493827160493827,7.784947065744573,5,174.0,0.2630861309474807,1,2.0,0.49939213184546927,4,25.0,0.39791640700013814,2,19.0,0.692981609810093,3,15.0,0.31038432744927286,0,0.0,1.0,2,26.0,0.06939130873137649,2,31.0,0.4491718644173252,1,24.0,0.5721839734678262,20,316.0
1535.0,21,213.0,1.3396226415094339,7.812184004512649,2,92.0,0.4072409919242651,0,4.0,0.840358482267692,1,10.0,0.3954132877328428,4,36.0,0.47340873970032615,5,34.0,0.39243986362840855,0,46.0,0.9194297950213464,2,40.0,0.46582872848239953,3,44.0,0.2530030448607372,0,8.0,0.47442877677901446,17,314.0
1540.0,24,244.0,1.4969325153374233,8.587790396628423,3,87.0,0.38745348761595855,0,4.0,0.9272483640508066,2,8.0,0.6295628678064177,5,61.0,0.5459678821534028,5,58.0,0.46815571458067967,0,46.0,0.9451890732257233,2,102.0,0.5102821699271085,1,24.0,0.30087810552320016,2,8.0,0.32422521818403005,20,398.0
1545.0,24,238.0,1.4968553459119496,8.290872871185856,4,68.0,0.35497553229636264,0,4.0,0.887747910585035,3,20.0,0.48456491744365415,3,27.0,0.49512706265510453,1,13.0,0.6339434349718789,0,0.0,0.8233128227208297,2,62.0,0.6180366429753426,2,28.0,0.4713233031159095,2,18.0,0.4271711604399768,17,240.0
1550.0,25,204.0,1.2911392405063291,8.375444105018284,5,44.0,0.14312837116268454,0,4.0,0.9475798036122677,3,35.0,0.5528933220914977,5,35.0,0.4517429562041956,1,9.0,0.6768864745478276,0,0.0,0.9815718950026618,0,44.0,0.6071565290392025,2,34.0,0.563190299413936,0,0.0,0.6888610485482664,16,205.0
1555.0,31,267.0,1.679245283018868,8.457749835051743,6,53.0,0.3134726355895226,0,4.0,0.9164899716833785,2,30.0,0.6984331745078611,6,54.0,0.5029457872175753,2,15.0,0.6133060384675008,0,41.0,0.995009086924472,2,63.0,0.3336258367257691,3,50.0,0.4541700107199779,1,4.0,0.7052210256624201,22,314.0
1560.0,31,358.0,2.2236024844720497,8.132779138515064,6,78.0,0.2774574897448667,0,4.0,0.4657642934229628,0,13.0,0.8170993570627948,9,92.0,0.23904312017830495,2,21.0,0.46998184937195564,0,41.0,0.6756064009563872,3,89.0,0.38038444222643164,3,59.0,0.46009696574991565,1,23.0,0.6139132945602316,24,420.0
1565.0,34,407.0,2.5123456790123457,7.616570579901642,7,112.0,0.18680723439148417,2,4.0,1.291983271962532e-05,1,2.0,0.6453344124062846,9,61.0,0.14477279122875586,1,11.0,0.528523537147219,0,0.0,1.0,1,52.0,0.6115773699486533,2,68.0,0.5003820342351256,1,14.0,0.45357576715646575,24,324.0
1570.0,29,402.0,2.4363636363636365,8.632638914770798,8,131.0,0.17274689587811135,1,9.0,0.2537700210487088,4,21.0,0.4527654219854901,0,18.0,0.5722604408863168,0,12.0,0.9028369794607445,0,0.0,1.0,1,25.0,0.5055945782931843,2,74.0,0.5722276466711245,2,23.0,0.6211195667161897,18,313.0
1575.0,31,453.0,2.7289156626506026,8.467503517275201,7,144.0,0.3087484353342548,1,14.0,0.46584364333413364,1,10.0,0.6981588908476283,1,4.0,0.6234665354741952,0,12.0,0.6899864817071126,0,0.0,1.0,4,27.0,0.24258772931605233,2,84.0,0.5103570544404108,1,6.0,0.8010760848040175,17,301.0
1580.0,31,491.0,3.0122699386503067,8.141957694248102,7,156.0,0.20333656515276238,0,0.0,0.26040815843074633,1,7.0,0.7129572083354614,3,18.0,0.6052215013639167,3,25.0,0.5647205800015489,0,0.0,1.0,5,47.0,0.2532004202940814,2,94.0,0.5512533625316137,1,12.0,0.7422204863296101,22,359.0
1585.0,36,606.0,3.6506024096385543,7.877591668580984,9,208.0,0.3076734008587748,0,4.0,0.9468993126652663,2,17.0,0.6545684719614171,4,34.0,0.4744136581212618,2,13.0,0.5944481966426696,0,0.0,1.0,4,42.0,0.35003338939070666,4,112.0,0.39050245165833547,2,21.0,0.613657123708095,27,451.0
1590.0,36,491.0,2.9578313253012047,7.580012959149726,11,185.0,0.21838675632167634,0,4.0,0.951898052214408,3,30.0,0.648959167090953,3,31.0,0.5717745718711557,1,2.0,0.2649509646089427,0,31.0,0.9804354176502658,1,9.0,0.5911330999524521,3,60.0,0.5129967442199456,3,33.0,0.2550645809012412,25,385.0
1595.0,27,173.0,1.0484848484848486,7.874023352119291,7,183.0,0.24213688120529675,0,4.0,0.9585879079635848,2,27.0,0.5439991392658894,2,11.0,0.6271592120598719,3,17.0,0.16017219954152628,0,15.0,0.9809637447644771,2,81.0,0.6175129100522004,0,10.0,0.8414339595375647,2,20.0,0.5989883044689325,18,368.0
1600.0,25,240.0,1.4457831325301205,8.018431828526664,8,162.0,0.31442510597504875,0,4.0,0.927013794873648,2,17.0,0.5621019399662848,3,18.0,0.43231490146440005,3,32.0,0.34976951327865075,0,15.0,0.9718884299919737,3,165.0,0.3064478858566552,0,8.0,0.6890365470141395,1,17.0,0.801519417597121,20,438.0
1605.0,32,339.0,1.9709302325581395,7.990146673818596,9,195.0,0.28942266201454714,0,4.0,0.9464983299438495,2,22.0,0.7124911739784472,4,34.0,0.2907658075689212,1,15.0,0.7114030615856652,0,54.0,0.8613312510383287,5,233.0,0.3687692002598059,2,18.0,0.5183400465896308,2,25.0,0.6752916430336786,25,600.0
1610.0,33,367.0,2.133720930232558,7.356208756597674,10,197.0,0.16589862924760276,0,0.0,0.9599701605544424,2,32.0,0.35008950698903457,2,20.0,0.3942674538502418,0,4.0,0.9633478522720946,0,57.0,0.8751278278541998,5,257.0,0.3171730570085577,5,36.0,0.36813715589239204,4,35.0,0.4124997162947486,28,638.0
1615.0,32,246.0,1.5,7.050085954797171,8,205.0,0.2017246352181396,0,0.0,0.6752836208485065,2,12.0,0.47928687919436574,1,16.0,0.551618459478039,0,4.0,0.842628030808275,0,0.0,1.0,7,162.0,0.2867110620744677,5,41.0,0.12980736171054708,3,48.0,0.42342998844496454,26,488.0
1620.0,31,283.0,1.6946107784431137,8.204595571980192,6,137.0,0.2640934661827941,1,3.0,0.5601217617009915,0,4.0,0.7286055096674057,1,9.0,0.7498239900417248,0,8.0,0.7900764228234826,0,0.0,1.0,8,184.0,0.3292000893758953,2,38.0,0.4111310848649794,2,44.0,0.629834896269302,20,427.0
1625.0,30,326.0,1.9404761904761905,8.49027877008697,7,122.0,0.22608888140923497,1,6.0,0.6021612939769588,1,3.0,0.6488167537062485,1,18.0,0.6392289580971208,0,8.0,0.7426716832966047,0,23.0,0.9526995036870336,5,163.0,0.4551274391101465,2,45.0,0.5495278873270256,2,21.0,0.5374546103529992,19,409.0
1630.0,29,319.0,1.910179640718563,8.652396431999282,9,135.0,0.27976021854278266,1,11.0,0.6604318684260766,1,8.0,0.6341675940767403,3,14.0,0.5885800850672369,0,4.0,0.8486639129252489,0,38.0,0.9672959467764479,2,163.0,0.4418781460213845,2,55.0,0.6201582239506879,4,36.0,0.5247090293523543,22,464.0
1635.0,26,325.0,1.9461077844311376,8.437890957669971,6,131.0,0.3745261740059545,1,16.0,0.7043524831049748,1,21.0,0.7819949538059278,3,21.0,0.6121062756729841,0,8.0,0.8869491120814743,0,20.0,0.9481353062538069,3,123.0,0.24143039978812117,4,67.0,0.6161734149677986,1,37.0,0.5716830714366091,19,444.0
1640.0,27,345.0,2.0414201183431953,8.193744792751067,8,141.0,0.21929186767479075,0,2.0,0.7491725047206492,0,8.0,0.8056932224899868,5,41.0,0.27345815908562326,0,8.0,0.7420477176834782,0,24.0,0.9569322735430204,5,149.0,0.34743713426919337,4,95.0,0.562404363736044,1,48.0,0.7140287526411492,23,516.0
1645.0,41,458.0,2.7261904761904763,7.046069259453405,12,191.0,0.09031062480878908,1,3.0,0.682390984606028,3,15.0,0.5604909935932104,8,74.0,0.26383455263307726,1,5.0,0.6266592403767143,0,4.0,0.9450634008179282,5,89.0,0.30358907660923923,6,118.0,0.26760896374982024,2,54.0,0.3923186649876496,38,553.0
1650.0,41,452.0,2.6588235294117646,7.437395882605577,11,164.0,0.11343198225002009,1,8.0,0.6339457166839592,4,34.0,0.5691537578679349,5,52.0,0.41380022297687014,1,5.0,0.4770474851211999,0,12.0,0.9054564589452526,1,36.0,0.5646901158727281,10,145.0,0.14645168690889357,4,70.0,0.12380102650686468,37,526.0
1655.0,30,423.0,2.517857142857143,7.766859046621413,7,177.0,0.1887424521265389,1,13.0,0.6118652666218095,4,58.0,0.5933103539337155,0,36.0,0.5513235574669505,3,21.0,0.4082315380261339,0,12.0,0.9983071390619498,1,45.0,0.5536730633541047,8,166.0,0.17878663378278928,3,69.0,0.5288373344212859,27,597.0
1660.0,28,487.0,2.9161676646706587,8.077793478033065,7,170.0,0.15044988284771352,0,0.0,0.6781140809372443,2,30.0,0.7244719378116604,0,54.0,0.7353218234509977,3,37.0,0.35568108488597855,0,4.0,0.9329612297548083,3,52.0,0.4431784150467947,9,204.0,0.18709846661196824,0,20.0,0.8167013854129225,24,571.0
1665.0,25,456.0,2.698224852071006,8.506542502279279,8,209.0,0.26748172953027544,0,0.0,0.8840869508645907,1,16.0,0.6810777094643617,1,47.0,0.7440563533828853,0,5.0,0.6719410490722788,0,16.0,0.9533893247174022,2,38.0,0.4230739525481933,9,253.0,0.3207790380520836,0,4.0,0.7802632335527926,21,588.0
1670.0,24,298.0,1.7529411764705882,8.175818507075213,9,212.0,0.2075025584775187,0,0.0,0.7440877130936249,3,12.0,0.603131549300668,2,53.0,0.5491772574051403,0,1.0,0.9574054728592101,0,13.0,0.9784074160330262,2,82.0,0.28944740256055657,4,94.0,0.4890488189422193,2,10.0,0.5476367877084618,22,477.0
1675.0,32,228.0,1.3734939759036144,7.676517097613942,8,210.0,0.12557214471375097,2,6.0,0.2952437028014307,4,28.0,0.5230076490940263,6,72.0,0.4216439574590743,0,13.0,0.627072067602015,0,9.0,0.9381858891206729,4,46.0,0.2688612203346132,4,84.0,0.5307411781727462,1,3.0,0.6610207112777958,29,471.0
1680.0,35,302.0,1.7976190476190477,7.880888375209146,7,160.0,0.20800604107623838,0,0.0,0.8827952291249881,3,19.0,0.5246907177958975,9,114.0,0.36622609560712965,1,20.0,0.7816017151940439,0,8.0,0.9643103240968921,5,128.0,0.19457997221686343,6,112.0,0.4607620872317697,2,15.0,0.7006185820751121,33,576.0
1685.0,35,391.0,2.3696969696969696,7.893672695822101,6,132.0,0.27086288970840244,0,0.0,0.8995666810267053,1,13.0,0.7207018065604153,12,166.0,0.08264046498437466,0,12.0,0.805601082419527,0,0.0,1.0,3,90.0,0.43478457051195524,7,143.0,0.3291643116547151,2,25.0,0.6546135847308573,31,581.0
1690.0,30,370.0,2.2699386503067487,8.076694864832037,7,145.0,0.2950688633264605,0,0.0,0.907482768405051,1,11.0,0.6988797927649714,9,140.0,0.17789341470360828,2,20.0,0.6492617953049552,0,1.0,0.9631243644921604,0,23.0,0.6935497574376167,6,92.0,0.2873244722462103,2,31.0,0.6131175334152262,27,463.0
1695.0,18,174.0,1.0674846625766872,8.609358897067029,5,108.0,0.2179545135165599,0,0.0,0.8935276026811901,2,21.0,0.6073419007629434,0,77.0,0.5408409087740469,5,39.0,0.352534557197918,0,17.0,0.9313819322163104,2,9.0,0.5823787263500753,2,51.0,0.36437442925663954,1,3.0,0.6142491171413913,17,325.0
1700.0,19,161.0,1.0254777070063694,8.94079636569677,3,80.0,0.44679852710044216,0,0.0,0.9201718668788005,2,4.0,0.5848957716614693,0,27.0,0.6900799532400506,5,64.0,0.5567759760232448,0,16.0,0.943362565184883,2,48.0,0.4778524657450573,3,50.0,0.38487612338895427,2,9.0,0.5020791574125837,17,298.0
1705.0,13,147.0,0.9545454545454546,9.353697864341056,3,59.0,0.5632180728334834,0,4.0,0.9767501156381049,0,0.0,0.9411968689092411,0,4.0,0.6261278425537502,0,8.0,0.8121140015005492,0,0.0,1.0,1,34.0,0.5279785808097844,3,63.0,0.47454804020370717,2,19.0,0.4005091696039559,9,191.0
1710.0,16,146.0,0.9240506329113924,9.284551241878576,4,69.0,0.5149257768583245,0,4.0,0.9892714004373863,0,0.0,0.9457350828824661,2,16.0,0.7199889003990516,0,4.0,0.6822818522519883,0,0.0,1.0,2,43.0,0.5488804896134035,2,20.0,0.47409050127214775,3,38.0,0.5222289259857347,13,194.0
1715.0,26,200.0,1.2578616352201257,8.774300535794552,9,98.0,0.2922405016753341,0,4.0,0.972664962903364,0,0.0,0.9315021350998567,1,15.0,0.6490109734676961,2,4.0,0.6526723874171645,0,0.0,1.0,3,72.0,0.34621617551098405,4,17.0,0.32362906848788353,1,14.0,0.7348026782136721,20,224.0
1720.0,28,308.0,1.9493670886075949,8.278308734996536,8,133.0,0.27954670570434564,0,8.0,0.9723166720755939,0,4.0,0.7977559694377553,2,12.0,0.5139314391576952,2,14.0,0.35063437833961947,0,0.0,1.0,4,73.0,0.4724525535504397,4,41.0,0.445548458399176,2,13.0,0.630557423911765,22,298.0
1725.0,34,394.0,2.5095541401273884,7.590360699473791,10,189.0,0.1480720352638935,0,8.0,0.9138241865802662,0,8.0,0.8184228809548679,6,32.0,0.32388216729206515,5,18.0,0.23445139472341675,0,0.0,1.0,1,71.0,0.4982422494599751,5,66.0,0.3265627364284802,2,23.0,0.5688505682977364,29,415.0
1730.0,33,418.0,2.696774193548387,7.76706383092146,12,244.0,0.12342013388446907,0,4.0,0.9030014682284148,2,14.0,0.6024682391235873,7,66.0,0.3284938953439496,1,11.0,0.5069229472821297,0,0.0,0.9635847315773868,3,29.0,0.4439597604764584,3,25.0,0.5413485254755357,2,33.0,0.6168565334979842,30,426.0
1735.0,26,406.0,2.65359477124183,8.162924869178802,10,272.0,0.0828711946442187,0,4.0,0.9077159031557251,2,20.0,0.5806087229505547,3,26.0,0.44661554643611484,1,18.0,0.5508086007665628,0,0.0,0.9314919113199851,4,36.0,0.2561736353100614,1,26.0,0.5541426631251989,1,39.0,0.6033879459483409,22,441.0
1740.0,23,366.0,2.44,8.942913532497087,8,261.0,0.10057027718338776,0,4.0,0.9749682531856659,2,21.0,0.6576358570002065,0,2.0,0.8408663924779297,2,36.0,0.7571456954971091,0,0.0,0.9267239884515138,6,58.0,0.2520049607740434,4,38.0,0.38263234401803564,0,82.0,0.852505414940101,22,502.0
1745.0,20,376.0,2.506666666666667,9.052119550356618,9,303.0,0.20398235197245498,0,0.0,1.0,1,11.0,0.681090367825806,0,0.0,0.6410811758689161,1,17.0,0.8151127043798044,0,0.0,1.0,2,25.0,0.47550389011439886,3,55.0,0.43720099994238015,0,42.0,0.8433676769525448,16,453.0
1750.0,23,401.0,2.6733333333333333,8.606273453000762,9,347.0,0.19018147316822434,0,0.0,0.9752673198897147,3,16.0,0.584280454261722,1,9.0,0.6561079918117535,0,12.0,0.7350129939755299,0,0.0,1.0,0,11.0,0.4839029309402883,3,23.0,0.44225907400465153,2,12.0,0.6577559993865817,18,430.0
1755.0,29,424.0,2.8266666666666667,7.928557927305729,10,327.0,0.0004607806576404303,0,0.0,0.9794163525525459,3,31.0,0.5953492980905859,2,11.0,0.6213076328436652,3,17.0,0.19350200473587642,0,3.0,0.9560845521324582,2,13.0,0.4825126263122064,2,11.0,0.4862756527225809,3,27.0,0.5474310887990192,25,440.0
1760.0,29,299.0,1.9671052631578947,8.19170510471848,5,226.0,0.30070557446471113,0,0.0,0.917138854206166,5,46.0,0.4073916040268686,0,1.0,0.7184177930563465,5,43.0,0.24890652186625647,0,0.0,1.0,2,20.0,0.4089803920848095,2,22.0,0.37954640031129194,6,53.0,0.43405428495421283,25,411.0
1765.0,19,147.0,0.9735099337748344,8.094791044393792,1,155.0,0.49400298046085284,0,0.0,0.9550752228706284,2,22.0,0.6907318733751584,2,11.0,0.45856364621299556,2,29.0,0.6658353838976984,0,0.0,1.0,3,26.0,0.3416661991791807,3,30.0,0.3187599785112544,4,32.0,0.43864669859327576,17,305.0
1770.0,22,135.0,0.8766233766233766,8.822504172714309,3,94.0,0.517654398058205,0,0.0,0.9393861946453281,0,0.0,0.9608700640429518,3,40.0,0.4337000452999734,0,16.0,0.8325269556258803,0,9.0,0.9711164785259643,6,33.0,0.265482552677339,3,31.0,0.5677105490833323,2,46.0,0.6191417018334128,17,269.0
1775.0,23,195.0,1.25,8.915984147967434,2,80.0,0.43797077191753686,0,0.0,0.7539189681751284,0,0.0,0.9528195162061943,5,54.0,0.4419708793589366,0,8.0,0.6801523898310633,0,9.0,0.6994722712189938,7,64.0,0.3417251439202055,3,46.0,0.5972594494266781,2,44.0,0.5627035304144032,19,305.0
1780.0,26,261.0,1.6838709677419355,8.240112602022501,5,95.0,0.2028068834166385,1,3.0,0.6329175123079462,0,5.0,0.9222288938543937,3,27.0,0.544758107772368,2,15.0,0.529710525094544,0,2.0,0.938630723242721,8,100.0,0.1289810263444227,2,51.0,0.6597484958784487,2,54.0,0.35718114516750604,23,352.0
1785.0,29,301.0,1.9545454545454546,8.401443102283329,9,130.0,0.3122391613299753,1,8.0,0.619350285621221,0,5.0,0.8488489814954505,2,17.0,0.6262332639993821,0,4.0,0.7216880213799223,0,1.0,0.9580221060076044,5,79.0,0.2365324741941723,3,66.0,0.45635984101851484,2,47.0,0.48266374472155915,22,357.0
1790.0,25,307.0,1.9806451612903226,8.58221610055267,9,171.0,0.28187397824869476,0,0.0,0.6539037056787663,0,5.0,0.9202993704656891,2,26.0,0.6705981470878474,1,9.0,0.5894509972703986,0,18.0,0.8705933480830377,0,33.0,0.7319800349869517,6,81.0,0.20964542522207003,1,35.0,0.536337841727674,19,378.0
1795.0,22,285.0,1.8269230769230769,8.373283707312671,9,200.0,0.18299230398979252,1,4.0,0.45689030596055075,1,18.0,0.8342263477217624,2,27.0,0.5233406194857875,3,19.0,0.24580335189445796,0,0.0,1.0,0,1.0,0.4494539142002668,3,94.0,0.3337396975457636,1,14.0,0.5060383063118297,20,377.0
1800.0,28,372.0,2.4155844155844157,8.282770895252831,11,234.0,0.13941969383055228,1,9.0,0.4944768613233303,1,15.0,0.8390977971096837,2,28.0,0.5303965808898359,3,41.0,0.420649256797604,0,0.0,0.9578484841719639,2,9.0,0.47496374234389876,5,114.0,0.43104890401050777,1,19.0,0.29048365680096994,26,469.0
1805.0,31,463.0,3.0064935064935066,7.753472074599417,12,292.0,0.08292270459217767,1,14.0,0.0,1,20.0,0.7887362356860809,3,24.0,0.5900408840193702,2,37.0,0.6406348857541113,0,0.0,1.0,2,13.0,0.4932280038316799,5,139.0,0.4602066704206378,2,25.0,0.46077082911591616,28,564.0
1810.0,26,366.0,2.3461538461538463,7.788442237372442,13,355.0,0.1227770309185297,0,0.0,1.0,1,12.0,0.8272273761468206,4,41.0,0.4411570094320598,0,20.0,0.7509998154931344,0,8.0,0.9343678206297414,2,9.0,0.3168940805917529,2,27.0,0.5980857108812458,1,3.0,0.6215384796640999,23,475.0
1815.0,35,484.0,3.0632911392405062,7.6671864189533325,11,378.0,0.07954492699166481,0,4.0,0.9609846422362256,2,14.0,0.7302486553414608,5,67.0,0.5490491924381053,1,16.0,0.7099732885683147,0,15.0,0.9445278773485911,4,24.0,0.16648346317717916,5,52.0,0.45412340478790014,1,8.0,0.6251974330262967,29,578.0
1820.0,31,530.0,3.3125,7.796913155422163,9,400.0,0.2526953991207997,0,4.0,0.8813879299041866,2,23.0,0.7648276551485832,3,35.0,0.6128091707616935,2,19.0,0.63847759240675,0,0.0,1.0,4,44.0,0.32614651628826885,6,75.0,0.26540724750765204,1,21.0,0.6690483235845239,27,621.0
1825.0,28,569.0,3.5123456790123457,7.8829905166925816,10,440.0,0.09382025504730562,0,4.0,0.9771596745444342,2,29.0,0.6457520097224955,3,19.0,0.5535157973819571,1,6.0,0.6565063457175512,0,0.0,0.9382084218404843,2,31.0,0.5954984230825243,7,108.0,0.40676149029438097,1,26.0,0.7124505613857469,26,663.0
1830.0,26,582.0,3.5060240963855422,8.476108390906392,10,490.0,0.08690367932999404,0,4.0,0.9256266741535613,2,7.0,0.7156222148407261,4,30.0,0.48377541757351694,0,6.0,0.7482773865511064,0,1.0,0.738702760926822,1,39.0,0.6852445110498784,4,91.0,0.31446901521661885,1,31.0,0.7462433935702061,22,699.0
1835.0,38,647.0,3.897590361445783,7.976525266936049,9,443.0,0.08367611339354986,0,4.0,0.9417178940062714,2,11.0,0.7273591493368079,4,50.0,0.3086548660149666,1,11.0,0.5589580720174208,0,0.0,0.7891753419958215,2,123.0,0.5082740431073736,6,116.0,0.30432207040336684,1,9.0,0.020447524855171217,25,767.0
1840.0,32,431.0,2.5654761904761907,7.769036973225558,4,392.0,0.11181238663899978,0,8.0,0.9410013849462233,2,11.0,0.6986183717747491,2,14.0,0.39820201229025026,3,28.0,0.4537576126510706,0,5.0,0.891767955055231,4,139.0,0.1339652387423265,6,142.0,0.1976292621050203,3,24.0,0.23041619947912836,24,763.0
1845.0,30,394.0,2.304093567251462,8.394676777486938,2,278.0,0.28706161423888216,0,8.0,0.6282090705626572,2,21.0,0.6974887975901388,2,7.0,0.38267041276281494,3,22.0,0.4744152278977565,0,5.0,0.9684552085503043,2,138.0,0.4212031842452132,7,175.0,0.2661573805799756,3,39.0,0.24608561796830877,21,693.0
1850.0,30,459.0,2.7,8.279122388998339,2,125.0,0.45287598326867107,1,13.0,0.6023327645092188,0,0.0,0.757565915431443,3,24.0,0.5192894082236857,2,29.0,0.5264909703825332,0,4.0,0.922526575039532,1,128.0,0.4940241192338624,6,199.0,0.2610752082347375,3,54.0,0.24617129384935718,18,576.0
1855.0,30,532.0,3.1294117647058823,7.926737344299972,2,74.0,0.6068334737498756,1,18.0,0.4780857280967165,1,9.0,0.5536949246518448,4,40.0,0.3988279523721992,2,28.0,0.4055044582507647,0,4.0,0.9305078875945711,4,40.0,0.5266999700112743,6,229.0,0.21982073703289487,0,0.0,0.9558299036882739,20,442.0
1860.0,39,663.0,3.9939759036144578,7.538487489144169,3,87.0,0.5175596305934592,0,4.0,0.9235512057264094,3,22.0,0.5497002451023498,2,20.0,0.6784487478156507,3,43.0,0.38937875179284537,0,2.0,0.9388097231475293,4,51.0,0.4657465814996697,8,272.0,0.2548408698859648,1,5.0,0.6827731943543298,24,506.0
1865.0,37,705.0,4.37888198757764,7.211915418744085,2,30.0,0.44348181471982795,0,4.0,0.9289688940201565,3,37.0,0.6392340729578885,0,4.0,0.8069131346296067,1,22.0,0.6423398445471435,0,1.0,0.9328390843248433,2,37.0,0.20682120169965165,8,312.0,0.26287628227137794,1,9.0,0.7177844137988106,17,456.0
1870.0,38,772.0,4.795031055900621,7.292163709510992,1,13.0,0.3115172055722552,0,4.0,0.8747279920408496,1,17.0,0.827569891451584,1,13.0,0.7450357596212205,0,4.0,0.6441511511664082,0,6.0,0.9413489481036568,2,52.0,0.4451439948854442,7,336.0,0.3293549045969739,3,14.0,0.486311693754183,15,459.0
1875.0,36,863.0,5.3602484472049685,7.513783488146465,4,29.0,0.00045905147526098804,0,0.0,0.9756768387803192,0,8.0,0.9091717745842144,1,14.0,0.5943903134037,2,6.0,0.5884096130380858,0,9.0,0.9535597471851491,3,64.0,0.5346298605711133,7,367.0,0.22006726117442846,1,6.0,0.6878378048208398,18,503.0
1880.0,37,1002.0,6.072727272727272,7.987719070816459,4,49.0,0.19121696797581975,0,4.0,0.9235139016059057,0,4.0,0.8001807777740093,1,6.0,0.7698298873821551,2,24.0,0.6724005207845442,0,4.0,0.9745826500326902,5,76.0,0.5154597375035703,7,402.0,0.048662093200620773,1,14.0,0.7338558658505088,20,583.0
1885.0,27,691.0,4.1878787878787875,8.278445141557304,2,26.0,0.30484729920584525,0,8.0,0.9262149699158344,1,7.0,0.8171348874896677,3,21.0,0.5537120179057545,0,8.0,0.8108754524224218,0,9.0,0.9589314642195669,4,131.0,0.39832553283376054,7,437.0,0.2728751701321113,1,75.0,0.7566873676940964,18,722.0
1890.0,21,428.0,2.625766871165644,8.476642906481448,0,30.0,0.37718750463759293,0,8.0,0.9544938436049264,0,4.0,0.9370342391903316,3,35.0,0.5027201634397546,1,11.0,0.7591209154831335,0,18.0,0.9969937145048489,3,88.0,0.36478014220139826,5,299.0,0.430359860925417,1,138.0,0.7248042482556942,13,631.0
1895.0,20,158.0,0.9693251533742331,8.516736536358456,1,19.0,0.5027167910642545,0,8.0,0.9345451650340266,0,4.0,0.9074906719136641,5,48.0,0.5179341456502007,2,10.0,0.44414435382677425,0,8.0,0.9356975200499675,5,50.0,0.3665631221622078,0,151.0,0.6802709171857984,1,160.0,0.7660108423661153,14,458.0
1900.0,25,209.0,1.244047619047619,7.928088492006988,1,14.0,0.5534527320291317,0,8.0,0.948202542647682,0,4.0,0.969845975347391,5,26.0,0.4104858195883478,4,26.0,0.36815457868818047,0,0.0,1.0,6,81.0,0.2542355900155147,0,0.0,0.6336312663396385,1,57.0,0.7802212722349063,17,216.0
1905.0,23,190.0,1.1046511627906976,8.616395767499313,1,19.0,0.6923909418573142,0,8.0,0.9469739602979037,0,4.0,0.9108016525750843,4,26.0,0.4449529535292286,0,12.0,0.7457560620355961,0,0.0,0.9462790034852961,4,125.0,0.25463102595396025,2,10.0,0.598421636491675,1,41.0,0.7799776297170014,12,245.0
1910.0,18,130.0,0.7692307692307693,8.87826494888735,0,4.0,0.5338177762802637,0,4.0,0.8919325626381929,0,4.0,0.6532778485651423,4,62.0,0.5139101589204087,0,8.0,0.8933770273953355,0,0.0,0.9143449731096178,2,105.0,0.362263332164316,2,21.0,0.6113189786092669,4,50.0,0.41133391836080907,12,258.0
1915.0,27,246.0,1.490909090909091,9.01593461709332,3,20.0,0.370777567451351,0,0.0,0.9031712066178939,2,17.0,0.5489994179118054,3,66.0,0.5524684550795574,0,11.0,0.8451371393604169,0,0.0,0.9877597424404454,2,118.0,0.35065888647130017,2,32.0,0.5171546128891326,8,141.0,0.34564677953884004,20,405.0
1920.0,36,309.0,1.8727272727272728,8.313123059187722,4,37.0,0.1998715590560653,1,1.0,0.003429808570762115,4,33.0,0.33118198658446746,3,56.0,0.6117408463788289,2,13.0,0.5881818037885838,0,34.0,0.9488141993598544,5,141.0,0.3135800505259464,4,49.0,0.571130925983263,8,232.0,0.2533492702592285,31,596.0
1925.0,30,304.0,1.853658536585366,8.049746131221552,5,52.0,0.305556139364541,1,6.0,0.45673559525708585,5,54.0,0.2722054103941945,2,43.0,0.467066446511671,2,10.0,0.5817948755286472,0,34.0,0.9804962045431042,2,131.0,0.46818507903718526,4,61.0,0.4037918239245794,8,283.0,0.2864174210550858,29,674.0
1930.0,28,288.0,1.7245508982035929,7.992943902050463,5,77.0,0.2938877239631633,1,11.0,0.4868830257885529,2,30.0,0.604887023327827,6,44.0,0.3864420565470542,1,14.0,0.6912946964883646,0,0.0,1.0,1,39.0,0.27207194841174875,4,85.0,0.3907971144628529,6,219.0,0.25477001642951413,26,519.0
1935.0,36,383.0,2.39375,8.102693652135342,8,108.0,0.2831812406445181,1,16.0,0.4830034766685084,0,8.0,0.9392034154489873,9,84.0,0.33726954739048487,1,12.0,0.6699954490844836,0,0.0,1.0,4,30.0,0.25157062631087973,4,76.0,0.3266634558703741,4,134.0,0.37808214735092427,31,468.0
1940.0,27,396.0,2.4444444444444446,8.409368909542115,8,148.0,0.24548800050130204,0,0.0,0.95274794476757,0,8.0,0.8628764119189043,4,50.0,0.4033650267805415,2,19.0,0.6596886466812268,0,0.0,1.0,5,52.0,0.36467344508140526,3,72.0,0.5072041497042548,4,145.0,0.4788635912938421,26,494.0
1945.0,25,345.0,2.142857142857143,8.271218086421687,8,112.0,0.3286495305566751,0,0.0,0.9408907041538886,1,13.0,0.8198233783075508,0,10.0,0.5799935392246468,1,15.0,0.6684620304184637,0,0.0,1.0,2,31.0,0.4660470945141997,4,83.0,0.49769796053429816,4,177.0,0.5697548447829969,20,441.0
1950.0,19,251.0,1.5590062111801242,8.18620795611344,3,77.0,0.3097930853924195,0,0.0,0.9255038554675299,0,4.0,0.7892376665014915,1,9.0,0.43950148518861765,2,7.0,0.46570896612819873,0,1.0,0.9789445998216642,1,24.0,0.5755944173872964,6,108.0,0.4478255629845559,5,157.0,0.4548387576599547,18,387.0
1955.0,26,273.0,1.6956521739130435,8.41291552792324,5,84.0,0.17675390314271355,0,0.0,0.9822694407310957,1,15.0,0.7316454049777409,2,18.0,0.5785803354094933,2,17.0,0.4651164239683466,0,3.0,0.9097745994352325,2,25.0,0.4879259660172899,6,109.0,0.3132276018501354,6,94.0,0.44897376381690796,24,365.0
1960.0,27,384.0,2.355828220858896,8.698623772653386,5,109.0,0.2093525705890702,0,0.0,0.9424029910229668,2,15.0,0.7532590429813123,2,30.0,0.6463042441098047,2,23.0,0.3299859366912685,0,22.0,0.9767976547022732,3,38.0,0.24973777567582153,3,115.0,0.5804997981957124,7,125.0,0.35624990958345987,24,477.0
1965.0,28,475.0,2.932098765432099,8.557504043212678,5,134.0,0.28090395520459477,0,0.0,0.9096928289558799,2,21.0,0.6983217173201047,3,37.0,0.4247673344467823,0,8.0,0.789916406551533,0,0.0,0.9696768300013547,2,57.0,0.54633442553572,4,124.0,0.4542219479248585,9,165.0,0.15625649701119512,25,546.0
1970.0,28,405.0,2.547169811320755,8.283407743655971,8,109.0,0.10254018098484242,0,0.0,0.6641553700082883,0,4.0,0.7601169523892957,1,11.0,0.6189276993858667,0,4.0,0.8298912646527635,0,0.0,1.0,2,62.0,0.5294179356013321,6,151.0,0.2989136995303082,7,147.0,0.18222128138420354,24,488.0
1975.0,30,336.0,2.1132075471698113,8.418852425583534,7,108.0,0.20874546827379234,2,9.0,0.5294983895383787,1,8.0,0.6684193279514816,2,10.0,0.6734121188451473,1,12.0,0.7852337272888099,0,0.0,0.9860667481984497,6,65.0,0.36264853481617365,6,178.0,0.21661953437805076,1,56.0,0.4767813347481029,26,446.0
1980.0,34,471.0,2.9254658385093166,8.050547901945968,7,143.0,0.2641250118504054,2,19.0,0.4755466681765385,2,11.0,0.6211832177406129,4,21.0,0.4528693084079845,1,13.0,0.6780884110227076,0,4.0,0.9656401511036059,7,77.0,0.181076985458139,8,212.0,0.26688490181933444,1,13.0,0.5489812576471058,32,513.0
1985.0,38,599.0,3.697530864197531,7.91010431248545,7,178.0,0.22244221089180424,2,29.0,0.4980127261459354,4,28.0,0.46776556673145037,6,45.0,0.3849302488473991,0,8.0,0.8468215760904059,0,4.0,0.9449022414254973,4,69.0,0.41114808375895723,9,253.0,0.32808329157303767,1,11.0,0.6026090227609823,33,625.0
1990.0,38,642.0,4.0125,7.396738747259659,9,224.0,0.12818746672279643,0,8.0,0.6697751450779909,3,18.0,0.5324734793742584,3,40.0,0.43865631630955904,1,7.0,0.646178926793258,0,0.0,0.8165391141693573,1,50.0,0.5883927566158127,10,301.0,0.31944505019493724,3,7.0,0.304228305522359,30,655.0
1995.0,26,466.0,2.968152866242038,7.923042468008116,8,224.0,0.28555967093555373,0,4.0,0.9607308714382113,1,9.0,0.8093779186756033,0,27.0,0.5478495713133672,2,16.0,0.5663293104908232,0,0.0,0.9120844050749192,2,69.0,0.43332510523120304,8,184.0,0.23632279838082237,3,26.0,0.41095281846145965,24,559.0
2000.0,30,409.0,2.55625,8.105618623791178,7,236.0,0.29281444074708557,0,4.0,0.9143466439060214,1,10.0,0.6254822775864599,0,0.0,0.66511463544297,4,34.0,0.24048048863401883,0,0.0,1.0,5,55.0,0.5142662041226426,4,135.0,0.2507080021849602,4,50.0,0.475873640518755,25,524.0
2005.0,35,513.0,3.186335403726708,7.681362732549937,10,281.0,0.19656621464926408,0,0.0,0.4611119731717619,3,19.0,0.5770223510511606,1,4.0,0.5013981999610971,2,24.0,0.40932900610726713,0,0.0,1.0,5,22.0,0.39352425842388744,6,109.0,0.2898922427939809,5,75.0,0.4319618183360165,32,534.0
2010.0,33,565.0,3.4451219512195124,7.778239314872017,11,330.0,0.19476544725993447,1,3.0,0.056724160964871484,1,15.0,0.663177379670011,2,28.0,0.5917909040739064,1,4.0,0.701257661820141,0,0.0,1.0,3,16.0,0.17674794596681373,7,105.0,0.2157432341848778,4,50.0,0.39419154910828896,30,551.0
2015.0,29,558.0,3.301775147928994,8.356392024475285,10,317.0,0.11434273719748103,0,5.0,0.59778837181108,1,15.0,0.818564295705861,1,15.0,0.7745148013816241,1,9.0,0.7659115658598503,0,0.0,1.0,5,39.0,0.2447984051955848,5,122.0,0.3807597849261198,1,13.0,0.6872797320219133,24,535.0
2020.0,29,456.0,2.6666666666666665,8.905240248458448,8,300.0,0.1679011542670995,0,4.0,0.9633540309314998,1,20.0,0.72046278228031,1,9.0,0.7410977994925536,1,14.0,0.7070465178777336,0,0.0,1.0,5,68.0,0.4349426092040677,6,156.0,0.3882886636962613,1,16.0,0.5752250202896982,23,587.0
2025.0,31,425.0,2.4709302325581395,7.979791941206082,6,225.0,0.3447136863200325,0,4.0,0.9487644855655936,2,28.0,0.4800139601752238,4,19.0,0.583158710745068,0,0.0,0.7129068112753363,0,0.0,1.0,4,30.0,0.33182078169489915,7,186.0,0.42384333586094786,3,30.0,0.4891164284062903,26,522.0
2030.0,32,506.0,2.9590643274853803,7.377510853501016,5,154.0,0.28293145397354735,0,4.0,0.9277775576227358,2,17.0,0.48576247323056526,6,49.0,0.4001560425181798,2,5.0,0.44562552236179215,0,0.0,1.0,1,24.0,0.42446933221484506,8,223.0,0.2725296635823956,3,53.0,0.32069039669392413,27,529.0
2035.0,34,561.0,3.4,6.635114414767574,6,149.0,0.3111578232082659,0,4.0,0.9151860961866977,0,6.0,0.6850338880835034,4,48.0,0.4739855624313689,3,19.0,0.19839383140228162,0,0.0,0.9676893637020095,1,28.0,0.53379300375905,11,275.0,0.17017467652999707,1,24.0,0.6256022141511449,26,553.0
2040.0,35,533.0,3.1726190476190474,7.342975955631827,6,164.0,0.38167932297305895,1,5.0,0.5953684841710073,0,4.0,0.883707895290876,0,16.0,0.5512189415436697,5,44.0,0.13909499889212393,0,0.0,0.9429547771096317,4,40.0,0.37688431780120873,12,230.0,0.16854745801422286,0,10.0,0.6314974675813848,28,513.0
2045.0,31,462.0,2.686046511627907,7.540295950393202,9,200.0,0.33135024284253667,1,10.0,0.4503086489228727,0,4.0,0.8931496967977356,0,12.0,0.6738945158618231,3,34.0,0.2253896685753397,0,0.0,0.7766908430691987,6,26.0,0.291209991925527,4,178.0,0.3761344395157203,2,16.0,0.39317855199377305,25,480.0
2050.0,32,534.0,3.104651162790698,8.064560087628045,12,250.0,0.021475084195732255,0,0.0,0.7287820725830185,0,4.0,0.9120525014462753,0,12.0,0.6541498615033738,0,16.0,0.5934007653472629,0,0.0,0.8705593535816445,1,10.0,0.5017359055908445,5,125.0,0.4191274724503233,3,39.0,0.5227878066397084,21,456.0
2055.0,29,491.0,2.854651162790698,8.289700444463671,13,280.0,0.06742438987527857,0,0.0,0.7248811719887159,0,8.0,0.8623738432658913,0,1.0,0.9341780062734151,1,3.0,0.7641046319753205,0,0.0,1.0,1,96.0,0.5548463310107024,6,134.0,0.28441881677884423,1,38.0,0.6935466588018331,22,560.0
2060.0,25,349.0,2.06508875739645,8.636990683634263,8,295.0,0.24308328102352605,1,8.0,0.7263091505146161,0,8.0,0.8383476712878434,1,2.0,0.8028000347529979,1,8.0,0.802067950780588,0,0.0,1.0,1,101.0,0.6111801213454006,5,80.0,0.2979860898447716,0,36.0,0.7908242135308173,17,538.0
2065.0,21,242.0,1.4404761904761905,8.743430966333365,6,225.0,0.38961525228670996,1,13.0,0.5878562941162179,1,12.0,0.8195225936923196,1,10.0,0.6432154874259713,2,18.0,0.6434547009475887,0,0.0,0.9223678523373062,0,89.0,0.7258609034090946,3,59.0,0.3407710217235677,1,12.0,0.7202577386887838,15,438.0
2070.0,20,293.0,1.723529411764706,8.369076409957467,7,224.0,0.3824084231202431,0,4.0,0.8426907683253764,0,4.0,0.6595862360012578,1,16.0,0.7102465148549904,1,2.0,0.543603744000724,0,0.0,0.9295668759514645,0,26.0,0.557174853758192,5,50.0,0.38166163389424373,1,10.0,0.819549000750809,15,336.0
2075.0,29,392.0,2.3333333333333335,8.274692344098375,10,256.0,0.3128709827202938,0,4.0,0.9701321166725522,3,16.0,0.6055597838525636,1,36.0,0.7044327532847077,3,7.0,0.32943031604874184,0,0.0,0.9553750906776168,3,45.0,0.3128951861080552,5,65.0,0.4866339442865107,0,4.0,0.8897499023907655,25,433.0
2080.0,33,442.0,2.6153846153846154,8.00846008831834,10,301.0,0.2603750294889572,0,4.0,0.9739661673893433,4,33.0,0.643774968495936,1,18.0,0.5748767061464051,5,27.0,0.21986953612928828,0,0.0,1.0,4,78.0,0.3634986448431581,4,50.0,0.4002124176292228,1,7.0,0.8533212372577631,29,518.0
2085.0,38,552.0,3.2470588235294118,7.693434935065852,11,343.0,0.17941154319482389,1,5.0,0.7030832547667433,4,48.0,0.4919125424826548,3,27.0,0.5513907555630486,7,64.0,0.19646129226549666,0,0.0,1.0,2,53.0,0.43605871872644597,4,69.0,0.3980842604305938,2,9.0,0.6328634442803643,34,618.0
2090.0,39,664.0,3.9058823529411764,7.325390209610115,12,393.0,0.12511130078277322,0,4.0,0.8770217332743556,3,28.0,0.6236893696541456,6,47.0,0.09613324549143917,6,68.0,0.2722439313157141,0,7.0,0.9635673069557003,0,33.0,0.39674774022362336,6,98.0,0.36995455177096426,3,50.0,0.570245088276821,36,728.0
2095.0,41,719.0,4.180232558139535,7.3422949564211955,12,421.0,0.001781551290488953,0,4.0,0.9095842596227862,1,19.0,0.7774845895383623,8,86.0,0.17008762596572588,2,68.0,0.35043908462604567,0,4.0,0.9223807643957833,2,41.0,0.4239187190991819,7,131.0,0.2444751404541654,3,44.0,0.3514301017901541,35,818.0
2100.0,36,724.0,4.184971098265896,7.994272571386883,8,441.0,0.1534282542788082,1,11.0,0.7507838857814139,1,11.0,0.7050861490628496,3,58.0,0.5181142439947418,1,31.0,0.40656594910736515,0,0.0,0.9561814061657111,4,55.0,0.49729089867743526,9,169.0,0.08090387962076367,2,20.0,0.6096233874335043,29,796.0
2105.0,32,759.0,4.337142857142857,7.968547178811927,6,428.0,0.3126686654310727,1,16.0,0.7402459757435553,3,23.0,0.6034845530231986,0,29.0,0.7433206208121077,1,18.0,0.6772281014541757,0,0.0,0.9657693954311001,4,75.0,0.4518757786400596,9,193.0,0.22956801896844592,2,26.0,0.41417621213120376,26,808.0
2110.0,33,805.0,4.6531791907514455,7.625446071194812,8,430.0,0.23291156213680692,0,4.0,0.7744344680842866,2,31.0,0.6096136674068603,1,5.0,0.7970653387509623,1,11.0,0.5497428306306731,0,0.0,0.9830158675731454,2,58.0,0.39701709054119627,9,238.0,0.14884521744842558,5,63.0,0.4331602924258589,28,840.0
2115.0,37,873.0,5.105263157894737,7.645672527898748,10,463.0,0.20375930146256108,1,7.0,0.7482636529251119,1,7.0,0.7084015267089638,2,16.0,0.6575941484546295,2,18.0,0.39062510433416475,0,2.0,0.9558715517025816,1,28.0,0.6815155017254886,11,290.0,0.005779909586138062,2,32.0,0.4865505439434929,30,863.0
2120.0,40,934.0,5.559523809523809,7.69781866568388,10,413.0,0.31607904974363643,1,12.0,0.4668743154832949,1,15.0,0.8143849161313641,2,10.0,0.613434735996616,3,29.0,6.946847101410086e-06,0,0.0,0.9741832516556124,1,24.0,0.556530583174958,12,357.0,0.22236408711954198,1,25.0,0.6480689557457661,31,885.0
2125.0,37,593.0,3.488235294117647,7.537309805990892,7,271.0,0.2975026176106138,2,21.0,0.4724206990888139,2,18.0,0.6318210920588675,1,8.0,0.5834469807030038,3,45.0,0.21000246679319745,0,0.0,0.9421417944693689,3,46.0,0.4422720466020733,10,291.0,0.3427773942018932,2,15.0,0.16335624554988878,30,715.0
2130.0,38,444.0,2.5964912280701755,7.46199998425662,8,173.0,0.40444260895894296,2,10.0,0.31381638653012794,2,24.0,0.5399670333750807,4,25.0,0.21542660848681028,2,38.0,0.42843739208789416,0,34.0,0.988108574037532,5,66.0,0.4113035260526787,0,179.0,0.4243095105764809,6,42.0,2.2598191251941248e-05,29,591.0
2135.0,39,505.0,3.005952380952381,7.490065352999486,12,159.0,0.28682534571166185,2,7.0,0.0012811527383610507,1,23.0,0.6159862742510195,6,60.0,0.24841848045324402,0,27.0,0.6797258810598991,0,34.0,0.9254881190579299,5,68.0,0.2957069532859995,0,55.0,0.5352203788619216,2,17.0,0.32120690681823455,28,450.0
2140.0,27,443.0,2.621301775147929,8.358506343494158,10,170.0,0.19552993836000188,2,25.0,0.4857693844272408,0,4.0,0.8814984898333066,1,19.0,0.7202213331613689,0,10.0,0.7399588741865547,0,3.0,0.9863527575460234,4,128.0,0.33139957172165635,0,4.0,0.5653102953025015,0,0.0,0.6784522135967638,17,363.0
2145.0,35,478.0,2.8452380952380953,8.523206899365034,6,183.0,0.1489610317373343,2,39.0,0.5627973354840862,0,8.0,0.9399710951580853,0,6.0,0.7359092179333158,1,22.0,0.770336300745927,0,3.0,0.9532404640894963,9,72.0,0.2211286413857203,5,23.0,0.37223124263352236,0,11.0,0.8248823726854323,23,367.0
2150.0,40,432.0,2.526315789473684,8.296243281088616,9,137.0,0.13729281058912865,0,12.0,0.9325567729609928,0,8.0,0.7985112543756033,2,9.0,0.7385236876957055,1,17.0,0.5564149252010006,0,0.0,0.9304143026991379,9,185.0,0.18777476801557116,7,57.0,0.3756644542353598,0,19.0,0.8904447028860236,28,444.0
2155.0,40,485.0,2.8034682080924855,8.205117738143263,8,155.0,0.2550529034256749,0,8.0,0.9461483814627163,1,12.0,0.8308840124011114,3,22.0,0.5330293231949949,4,26.0,0.28818392325084957,0,0.0,0.9619350217605767,5,111.0,0.18599794712715886,7,79.0,0.4124485203154418,1,22.0,0.7839912478573581,29,435.0
2160.0,37,420.0,2.3863636363636362,7.791237627264911,9,182.0,0.375100590438693,0,8.0,0.8706803859643297,1,5.0,0.6887275541563392,2,11.0,0.5356419518262603,10,63.0,0.26692267151769183,0,0.0,0.9770750877452921,1,74.0,0.6137127260710127,7,114.0,0.17828581804981594,2,29.0,0.5441148805151318,32,486.0
2165.0,38,340.0,1.9318181818181819,7.257710115896078,8,192.0,0.2000863989651761,0,8.0,0.799320768770538,1,13.0,0.738810511415923,2,7.0,0.5916387748685891,10,113.0,0.2436095206053885,0,0.0,0.9944074046633113,2,55.0,0.4106185222211303,6,87.0,0.28393497720047306,4,45.0,0.4609308738905312,33,520.0
2170.0,47,466.0,2.662857142857143,7.284366894549917,9,146.0,0.16743136500578595,1,5.0,0.39983794288854907,3,13.0,0.0012058252820717015,2,17.0,0.37023904777859895,12,176.0,0.20524111144830304,0,0.0,0.9459049411464502,4,95.0,0.377530950179455,2,57.0,0.3977522816054003,5,72.0,0.2628023281352826,38,581.0
2175.0,44,544.0,3.090909090909091,7.310386345550938,9,181.0,0.23037700071694048,2,13.0,0.2708161554346654,3,28.0,0.23051879821562862,4,34.0,0.20476633724905727,9,171.0,0.3225391129946275,0,0.0,0.9907981905225167,4,94.0,0.2930383075735369,4,14.0,0.47020374039419366,2,40.0,0.6360780423339559,37,575.0
2180.0,34,366.0,2.0446927374301676,7.267071064964822,9,195.0,0.07137719309823998,3,26.0,7.283744071365227e-06,1,12.0,0.46297577999035366,2,15.0,0.5996255198729653,2,124.0,0.46372737814843246,0,0.0,1.0,2,148.0,0.31022045291804656,4,38.0,0.42309319456216926,1,9.0,0.6436173170146907,24,567.0
2185.0,39,449.0,2.4806629834254146,7.972023471351625,13,218.0,0.03660337398348517,3,41.0,0.24559917829208602,0,8.0,0.9024437491350116,2,15.0,0.6725442103449902,2,46.0,0.5425558691765564,0,1.0,0.9853786196743122,4,184.0,0.34659227163545403,3,45.0,0.42761136696590896,2,17.0,0.6113606888399169,29,575.0
2190.0,43,586.0,3.202185792349727,8.138822783183844,15,277.0,2.1160803912551865e-05,3,56.0,0.23073443957906115,0,8.0,0.8024648124804129,2,25.0,0.7146475783407478,2,27.0,0.45304275207822503,0,1.0,0.9637607677241034,4,102.0,0.44605705982021004,5,56.0,0.4835321947546924,3,26.0,0.46334258924014476,34,578.0
2195.0,50,668.0,3.572192513368984,7.477514869081322,15,356.0,0.1193640770869119,3,71.0,0.0,1,13.0,0.7822416260067132,3,38.0,0.7134408278823077,1,6.0,0.5008176967549949,0,25.0,0.8909975311766821,3,71.0,0.4162828250393594,7,87.0,0.43973740624232377,4,43.0,0.2719194398031126,37,710.0
2200.0,39,552.0,3.0,7.248363954883505,12,304.0,0.22629382749450755,1,27.0,0.0,0,4.0,0.9368904853244632,4,28.0,0.4579778800550296,4,20.0,0.3689605793430561,0,26.0,0.9276112741370061,2,58.0,0.5019752449719602,8,121.0,0.3745513999332895,3,29.0,0.3714322182141353,34,617.0
2205.0,33,314.0,1.715846994535519,7.651291234596258,5,254.0,0.33280995748167513,0,0.0,1.0,0,8.0,0.9331953690402263,5,37.0,0.3250830678195454,5,44.0,0.22106313881570672,0,4.0,0.956885414145987,3,67.0,0.19619821256476158,8,86.0,0.3579355892023803,1,31.0,0.5792381847351172,27,531.0
2210.0,41,418.0,2.2717391304347827,7.892354506316125,5,162.0,0.3774608121856507,0,0.0,0.9543949511405078,0,8.0,0.915000038814528,9,72.0,0.1686854581616195,7,83.0,0.3170016257294194,0,46.0,0.9621466145555893,4,146.0,0.19510542747942156,7,123.0,0.436192160024494,1,31.0,0.40595399611469224,33,671.0
2215.0,40,545.0,2.9945054945054945,8.114328643867406,6,167.0,0.4094645672322649,0,0.0,0.9765432901049523,0,8.0,0.8751148911131003,10,124.0,0.237108676507389,6,92.0,0.42243118519296,0,47.0,0.9344250258096425,0,177.0,0.4591283717240505,7,150.0,0.3430376502593389,2,44.0,0.5666764528399708,31,809.0
2220.0,41,509.0,2.766304347826087,7.825374108794259,8,162.0,0.22594921562281114,0,0.0,1.0,2,9.0,0.6270999942584697,6,76.0,0.42287431808633197,2,89.0,0.4275697722694419,0,3.0,0.9669461613732602,2,158.0,0.29114042346333646,10,196.0,0.2053276461447587,2,41.0,0.61564584609561,32,734.0
2225.0,27,331.0,1.8700564971751412,7.738275812678285,5,104.0,0.14638063027437956,0,0.0,1.0,2,7.0,0.6169729123249548,1,61.0,0.4693897338525654,1,44.0,0.4831632323852149,0,8.0,0.919500087168241,2,53.0,0.19677154342325404,11,180.0,0.19857831311039914,0,11.0,0.7402758360317695,22,468.0
2230.0,21,188.0,1.0621468926553672,8.617033498895326,4,85.0,0.31906912995709963,0,0.0,0.9255789783764697,0,4.0,0.7066734011096379,1,43.0,0.6708768440231319,1,20.0,0.5497277267351497,0,2.0,0.9396607127788771,4,90.0,0.40368145887658186,2,151.0,0.43319094676087133,3,29.0,0.5223441761358467,15,424.0
2235.0,26,252.0,1.4,8.810251081842376,5,82.0,0.30111697073544047,0,0.0,0.9816381947683602,2,7.0,0.7206937829191669,3,33.0,0.5773553608690645,1,29.0,0.5892458148470663,0,2.0,0.9531436801649811,2,78.0,0.45962002269871305,1,58.0,0.5917341735120725,4,49.0,0.5917877622046018,18,338.0
2240.0,23,190.0,1.027027027027027,8.80696642678596,6,83.0,0.12558846422566702,0,0.0,0.1776020124079659,2,17.0,0.6898848141897036,2,18.0,0.5365267693557122,3,38.0,0.6417128455835889,0,1.0,0.6253310972596496,1,80.0,0.6233915028184184,2,33.0,0.560382957297899,3,23.0,0.45830090900855214,19,293.0
2245.0,27,152.0,0.8260869565217391,8.174291289727506,5,90.0,0.30083621087749485,1,5.0,0.0,1,7.0,0.8510264068381155,5,28.0,0.4381972992659087,2,7.0,0.6423396940726851,0,0.0,0.9412492607380721,2,76.0,0.37897241408392573,5,23.0,0.47014038202388203,3,110.0,0.4948045306590783,24,346.0
2250.0,42,327.0,1.7301587301587302,7.955904643481919,5,117.0,0.3496635917547405,1,10.0,0.48946332943412135,0,4.0,0.8570506260730021,11,78.0,0.3296144254980767,2,19.0,0.5546957037531061,0,16.0,0.9359841978179689,4,90.0,0.31802120397770983,7,54.0,0.3395638006736969,5,134.0,0.42734705448838933,35,522.0
2255.0,51,519.0,2.7606382978723403,7.519239004584221,5,142.0,0.30412561619934364,1,15.0,0.6413067963834408,0,8.0,0.9284415723575125,15,143.0,0.1914173639828865,5,35.0,0.415680778219143,0,22.0,0.9766119245169044,2,63.0,0.5186118705719902,10,100.0,0.36223816532000735,7,164.0,0.3005430954869235,45,692.0
2260.0,53,595.0,3.287292817679558,7.026924386625414,6,126.0,0.2826274814709542,0,0.0,0.6435050301306281,0,8.0,0.9028397362921669,13,153.0,0.17829078017068137,8,70.0,0.23863086578720857,0,15.0,0.9574709142511102,1,41.0,0.42323241629642183,12,154.0,0.24964275780380932,5,140.0,0.14096430907125598,45,707.0
2265.0,31,305.0,1.6850828729281768,7.805344807222103,4,112.0,0.3376262706683545,0,4.0,0.9713515874874474,0,5.0,0.8312233939505831,2,123.0,0.4918486484511463,7,84.0,0.2618246488272346,0,0.0,1.0,3,22.0,0.47866182547385944,10,118.0,0.2054126406456408,0,65.0,0.5254263423302213,26,533.0
2270.0,30,291.0,1.6166666666666667,8.4785009782951,4,79.0,0.4166106761029986,0,8.0,0.9508997268988801,1,8.0,0.8285975373304566,4,48.0,0.47198833250166655,2,79.0,0.3060042808287939,0,0.0,1.0,6,48.0,0.41624359894185764,6,123.0,0.3085752938578791,1,77.0,0.5760452931827433,24,470.0
2275.0,30,396.0,2.212290502793296,8.693634744605214,5,104.0,0.4863091836152474,0,8.0,0.9198172697681207,2,12.0,0.6155572510866978,3,58.0,0.5556950946467901,3,46.0,0.5695123132134564,0,0.0,1.0,3,31.0,0.35123544301571824,7,120.0,0.27303916363189,1,118.0,0.6466491083364372,24,497.0
2280.0,30,417.0,2.291208791208791,8.419697008525768,5,84.0,0.24829288154457932,0,8.0,0.9581441276866971,3,27.0,0.5871224394108608,2,28.0,0.6055680014252917,4,50.0,0.6831597166966398,0,5.0,0.94959612019831,2,16.0,0.5302858954208742,5,139.0,0.2313134989238489,2,111.0,0.6477337685516459,23,468.0
2285.0,32,379.0,2.1055555555555556,8.000870638161128,6,93.0,0.1589069559895182,0,4.0,0.9392616699640874,1,3.0,0.4641076900062263,3,15.0,0.5464099113837695,1,20.0,0.7171908529020938,0,8.0,0.9580718231543033,3,36.0,0.3716593593551058,8,171.0,0.17176790407373063,2,36.0,0.6046183635872474,24,386.0
2290.0,37,426.0,2.406779661016949,7.873581058600919,8,75.0,0.20090529068215765,0,4.0,0.9314895642745641,3,14.0,0.03514231651156742,6,43.0,0.3408894233965979,3,17.0,0.41225047861200464,0,3.0,0.9588760370281921,2,69.0,0.40949734876263477,4,91.0,0.48360826898454873,2,38.0,0.4749781347258972,28,354.0
2295.0,38,473.0,2.672316384180791,7.774625600041252,7,103.0,0.2755521770110228,0,4.0,0.9681716109950284,3,28.0,0.4438984885772376,7,83.0,0.46872452282546373,6,45.0,0.2136899176797642,0,0.0,0.9889866390977293,3,45.0,0.5084549336784656,2,44.0,0.5847023044206674,1,4.0,0.7321730511263785,29,356.0
2300.0,33,342.0,1.9542857142857142,7.891375354259237,7,115.0,0.34581979146018177,0,4.0,0.7664635498993841,4,46.0,0.40349929104626703,5,61.0,0.32636260874986983,9,88.0,0.29961576437563797,0,1.0,0.9192741609705742,2,29.0,0.27713717100441204,2,41.0,0.4797357268861624,1,10.0,0.6249002545720886,30,395.0
2305.0,35,358.0,2.034090909090909,8.168168734470994,6,131.0,0.35564529802300165,2,10.0,0.27819356580568366,1,24.0,0.6102118256126455,2,17.0,0.38338290032003813,6,83.0,0.5197558072837214,0,1.0,0.8846644484803521,5,37.0,0.10207829830045623,4,50.0,0.23201010395637914,3,21.0,0.40948895170569827,29,374.0
2310.0,36,420.0,2.3863636363636362,8.533772677597575,9,172.0,0.29346781538714367,2,20.0,0.31280661581763164,1,9.0,0.7747857845115981,2,27.0,0.31610176377434573,0,41.0,0.6375347762960593,0,0.0,0.9725441032991858,5,58.0,0.0964887221487699,5,68.0,0.35707855499861646,4,40.0,0.29801552697195993,28,435.0
2315.0,26,386.0,2.244186046511628,8.0722949361706,10,218.0,0.09444530370329021,2,30.0,0.30987954445086535,1,14.0,0.8663127392754896,3,44.0,0.5899243850308824,0,7.0,0.4093718516274629,0,0.0,0.9672010244693917,2,21.0,0.31118355357335564,5,89.0,0.27076606647904927,1,2.0,0.40517281186653564,24,425.0
2320.0,26,341.0,2.0058823529411764,8.906768291952293,9,153.0,0.11371745254519221,0,4.0,0.9203922718755774,2,20.0,0.6951507124693163,3,59.0,0.7069399525873176,2,18.0,0.455980652349902,0,4.0,0.9339774402743268,0,14.0,0.6970334173196897,5,118.0,0.24194382202186604,0,39.0,0.7908571514485702,21,429.0
2325.0,16,227.0,1.3592814371257484,8.553397635818301,3,90.0,0.3749868542230501,0,8.0,0.9358106461991142,1,14.0,0.8439927050653308,3,33.0,0.4754621263297804,1,8.0,0.4926050167376079,0,19.0,0.9772522811919254,0,4.0,0.9051136906679186,6,151.0,0.33653309098604317,0,39.0,0.9032413300902276,14,366.0
2330.0,24,287.0,1.7393939393939395,8.505421420004092,4,67.0,0.4370800767954536,0,8.0,0.9464297661325415,0,4.0,0.9335932620548091,5,31.0,0.4730316385059788,2,20.0,0.3586028550360251,0,15.0,0.9333727761008709,0,13.0,0.4579160916572091,7,181.0,0.3927712680362934,0,16.0,0.9217186796473235,18,355.0
2335.0,31,307.0,1.8950617283950617,8.13972004993133,4,87.0,0.454717260213687,0,8.0,0.9159595349041858,0,4.0,0.9101809138182053,7,60.0,0.4130981972512601,5,41.0,0.30809792295921834,0,0.0,1.0,3,26.0,0.4181275727260758,6,114.0,0.3886429296369778,0,40.0,0.7967580892721268,25,380.0
2340.0,35,348.0,2.0714285714285716,7.806900636916099,6,113.0,0.18607535127576716,0,8.0,0.9314188162652973,1,6.0,0.7100237385526288,10,109.0,0.24785541723103155,7,76.0,0.41271458035035113,0,0.0,1.0,1,125.0,0.6249350490849447,4,74.0,0.32849863770156074,0,50.0,0.6939007925030407,29,561.0
2345.0,44,408.0,2.4142011834319526,7.256026654410259,9,116.0,0.14292336344728382,0,8.0,0.9192081032833244,3,19.0,0.5749980317496629,9,85.0,0.18699063157142842,7,92.0,0.3277944897067498,0,0.0,0.9835348017552175,1,110.0,0.6443016205787027,6,73.0,0.38826631862952515,3,57.0,0.509394530009431,38,560.0
2350.0,30,246.0,1.4470588235294117,7.879926330167783,4,110.0,0.22207890376495965,1,9.0,0.4789410371442413,4,38.0,0.4050969604013204,1,50.0,0.4826229595720729,3,99.0,0.3260768513927416,0,0.0,0.8906949580910928,1,41.0,0.6160054129667939,8,106.0,0.3605925737640128,5,78.0,0.35376767624243954,27,531.0
2355.0,28,260.0,1.5476190476190477,8.450036103490165,3,64.0,0.3546331642018796,1,10.0,0.6594490274494849,4,27.0,0.2340067990586656,1,29.0,0.6302159332543401,4,62.0,0.49422584818858206,0,1.0,0.7684505716872554,1,62.0,0.5860609309160836,7,111.0,0.3232256970972773,5,103.0,0.1651531990563604,26,469.0
2360.0,24,280.0,1.6568047337278107,8.875421341282143,3,54.0,0.504609824580039,2,17.0,0.4775985690728006,3,32.0,0.5188865771472667,2,26.0,0.6935792042537948,4,52.0,0.4069015658163194,0,0.0,0.9294594226688631,1,32.0,0.527241693788394,3,109.0,0.37791703987458136,3,63.0,0.5302470226362826,21,385.0
2365.0,26,341.0,1.9825581395348837,8.670861969494007,4,52.0,0.24279319634492627,2,27.0,0.33311137292238047,3,40.0,0.5607641163780146,2,27.0,0.7569819409812709,5,77.0,0.38061190846689485,0,0.0,0.9022695692828724,3,50.0,0.4903345735335962,4,100.0,0.26552896104062707,0,18.0,0.7070565426945696,23,391.0
2370.0,31,378.0,2.210526315789474,8.379643582356882,4,35.0,0.3879485545481347,2,37.0,0.0,3,55.0,0.5398004261077111,2,30.0,0.5785671784112257,2,35.0,0.5089331995457561,0,0.0,1.0,5,87.0,0.44231596883800056,5,127.0,0.27281129627618905,1,1.0,0.6438967258129384,24,407.0
2375.0,26,322.0,1.8941176470588235,8.771948366946607,3,45.0,0.48896638449952384,0,0.0,0.9752519389225711,1,25.0,0.7633484305777437,2,7.0,0.46458703869498313,0,1.0,0.8330805501543145,0,0.0,0.9386406788983471,6,113.0,0.22741048418421234,4,115.0,0.45943436598270027,1,6.0,0.6288096617812711,17,312.0
2380.0,26,383.0,2.2529411764705882,8.46172618662529,4,55.0,0.3619325605283781,0,0.0,0.33781959960410796,0,4.0,0.9271579758309658,5,22.0,0.2035053539532276,0,8.0,0.6860395945797079,0,0.0,0.9884920666151603,7,148.0,0.22798757240954223,4,135.0,0.42463797798492026,0,4.0,0.9211919134178488,20,376.0
2385.0,31,456.0,2.6823529411764704,8.330661535098097,6,79.0,0.33974679784468403,1,2.0,0.06632326795143363,0,4.0,0.9246875966112927,5,47.0,0.4189173624437421,2,15.0,0.5287269926740467,0,0.0,0.9879339400736564,6,128.0,0.34471256175169146,5,157.0,0.2761715135992496,0,4.0,0.9426069620835982,25,436.0
2390.0,31,433.0,2.608433734939759,7.615209661798664,4,52.0,0.36085419957832837,1,7.0,0.5615091430522007,0,8.0,0.916260065585341,6,63.0,0.37223752906869534,3,20.0,0.4429063703670747,0,0.0,1.0,2,84.0,0.4054996642311645,8,184.0,0.28078857531843,0,4.0,0.9740012158280877,24,422.0
2395.0,24,204.0,1.2670807453416149,7.60843996418077,3,36.0,0.3614868787517464,0,0.0,0.9011869161038415,1,9.0,0.7789508408287991,2,22.0,0.2770878050057502,2,16.0,0.09128567541408919,0,4.0,0.3896219257345572,6,69.0,0.350362194544091,4,40.0,0.41211312739669254,0,0.0,0.8739712642735339,18,196.0
2400.0,27,301.0,1.88125,8.945041065729693,4,43.0,0.30374378855482354,0,0.0,1.0,0,4.0,0.8570106787088376,4,20.0,0.4090453899674091,3,39.0,0.3697308330461726,0,4.0,0.9857006649828541,6,82.0,0.32863289346885716,4,50.0,0.3838517944397043,0,0.0,0.8925009932406418,21,242.0
2405.0,32,377.0,2.3860759493670884,9.252902945740775,6,73.0,0.36566599200197164,0,0.0,1.0,0,4.0,0.9023583682548159,1,30.0,0.6436791490235442,3,58.0,0.6056799482464348,0,0.0,0.9505354749920556,7,108.0,0.3918404691949529,6,76.0,0.27479034953482484,0,5.0,0.7359439887271737,23,354.0
2410.0,24,272.0,1.7548387096774194,9.07598359448858,5,68.0,0.3980346666019579,0,0.0,0.8744193493988082,0,4.0,0.8581571481231409,4,39.0,0.5934011166224953,0,12.0,0.8361469974062429,0,0.0,0.5559163367389524,3,125.0,0.43501521263888987,6,106.0,0.30408965862639015,1,56.0,0.8379268024719662,19,410.0
2415.0,19,156.0,1.033112582781457,8.825410353399237,2,63.0,0.2221601795159442,0,0.0,0.9264217830339885,1,6.0,0.688359492071641,5,66.0,0.47108853170815834,0,8.0,0.8017267329532981,0,2.0,0.8350285803898227,1,121.0,0.5348934052737706,5,80.0,0.15544747259392253,1,40.0,0.8169883639751685,15,386.0
2420.0,21,128.0,0.8152866242038217,8.67165669857497,3,42.0,0.390593633038738,0,0.0,0.9537961812243524,2,10.0,0.37598449920115307,5,54.0,0.41771841805321164,2,12.0,0.4609696391890356,0,2.0,0.879433931656552,3,102.0,0.5074346492149119,1,36.0,0.49075590201538066,1,19.0,0.6282763572680241,17,277.0
2425.0,30,211.0,1.3270440251572326,8.346275085123276,4,36.0,0.22447889389389725,0,0.0,0.9515301644585976,1,8.0,0.7541747384708783,3,36.0,0.4094012721035479,4,38.0,0.49086169624999576,0,0.0,1.0,5,138.0,0.280483648456183,2,27.0,0.5516162088633219,4,30.0,0.3686674492289974,23,313.0
2430.0,31,247.0,1.5534591194968554,8.107014541409237,5,27.0,0.10657893893557469,0,0.0,0.7879848461464674,0,0.0,0.8525008241746251,6,41.0,0.24388161626085245,4,58.0,0.4848435819731737,0,0.0,0.9753553153287424,5,123.0,0.2762666703170826,2,37.0,0.555736927651647,3,12.0,0.46707061482970186,25,298.0
2435.0,23,261.0,1.6415094339622642,8.969509126713712,1,19.0,0.35002930130510596,0,0.0,0.9451309619374788,0,0.0,0.896727365043947,6,72.0,0.30452278685804957,2,40.0,0.5497024490931846,0,0.0,1.0,4,38.0,0.20182466959986628,2,55.0,0.6426955697786891,2,13.0,0.6043821396665036,17,237.0
2440.0,22,271.0,1.7371794871794872,9.368951770723564,1,17.0,0.554702016474313,0,0.0,0.6464335018776173,0,0.0,0.9220298214248519,4,62.0,0.5479840758317576,0,22.0,0.5069028130111883,0,0.0,1.0,5,78.0,0.3716879193611631,4,68.0,0.5494981123121412,4,31.0,0.26942085903739854,18,278.0
2445.0,23,255.0,1.6451612903225807,9.7140339488065,1,23.0,0.7156646468709386,1,5.0,0.6057731293198553,0,1.0,0.9253973212623243,1,35.0,0.5528998396479111,0,4.0,0.7769339345687761,0,0.0,1.0,5,150.0,0.40604459984963276,4,88.0,0.5679119385344105,6,57.0,0.13452545324023507,18,363.0
2450.0,24,247.0,1.657718120805369,8.651564633861915,0,5.0,0.6612153007383718,1,10.0,0.4671497334852051,1,6.0,0.8111945101315323,1,20.0,0.7524976417236374,0,4.0,0.8834504427982253,0,0.0,0.9335332867130613,4,66.0,0.40964332819618066,5,109.0,0.25944561989913556,4,37.0,0.0,16,257.0
2455.0,16,150.0,1.0344827586206897,8.89119777231986,3,7.0,0.445756463756023,0,0.0,0.042727922479432405,1,11.0,0.8267136681254279,1,10.0,0.6815382563915454,1,5.0,0.631548260848248,0,0.0,0.9150355897851475,2,69.0,0.5500954632089995,7,117.0,0.31703074590262187,0,14.0,0.625783868439003,15,233.0
2460.0,18,186.0,1.2916666666666667,8.593708996537933,4,26.0,0.3887136478913102,1,5.0,0.0,1,24.0,0.7240023981559458,5,14.0,0.39653663518558674,0,0.0,0.4868172217570029,0,0.0,0.992868128860155,4,103.0,0.27243561913375,2,112.0,0.5057437778876895,0,0.0,1.0,17,284.0
2465.0,24,252.0,1.726027397260274,8.561440450209503,6,53.0,0.4084708393071708,1,10.0,0.0,0,8.0,0.8163377869633854,6,39.0,0.28406659491908826,1,13.0,0.6520195270096218,0,8.0,0.9382646120929979,7,96.0,0.3115507699890728,3,115.0,0.5751016160199927,0,0.0,0.9415732413195264,24,342.0
2470.0,32,380.0,2.6027397260273974,8.3575433637664,6,67.0,0.12121734649571468,2,15.0,0.0,0,30.0,0.8731971305003092,8,71.0,0.3252533093291029,1,18.0,0.7772221393962082,0,2.0,0.9673801426466835,8,134.0,0.2546788709509553,5,132.0,0.48922128070779886,0,0.0,0.9377634550780303,30,469.0
2475.0,29,428.0,2.9517241379310346,8.295998112393193,8,93.0,0.17317834981115363,0,0.0,0.7020037014334938,0,8.0,0.8485354250573804,9,116.0,0.2505069575997985,1,19.0,0.71665866829286,0,0.0,0.9429979366114178,6,90.0,0.37002118564498754,5,145.0,0.40961056821217645,0,0.0,0.9168165626075155,29,471.0
2480.0,28,374.0,2.527027027027027,8.139104641138724,9,137.0,0.10399922084414337,0,0.0,0.9364733012673141,2,12.0,0.5818525416838078,5,56.0,0.3567687327242471,1,6.0,0.6627450781209233,0,0.0,1.0,3,85.0,0.37057186338280085,7,174.0,0.3874969087832366,1,2.0,0.7140007932752992,28,472.0
2485.0,22,421.0,2.8066666666666666,9.029349820521075,10,186.0,0.08001916174091286,0,0.0,0.9800006647767427,0,14.0,0.7161886419438656,0,21.0,0.4985254423333389,0,12.0,0.7391418730361795,0,2.0,0.9340250008045392,3,57.0,0.41763966735999575,7,209.0,0.46592142321265534,1,7.0,0.6184213677246674,21,508.0
2490.0,22,424.0,2.7532467532467533,9.718819330477103,7,127.0,0.28777881609769596,0,0.0,0.9219536864218179,0,8.0,0.7244859689881368,0,7.0,0.7680773311327382,1,14.0,0.8118719010326196,0,3.0,0.9625005826509976,6,50.0,0.27117800935003067,7,244.0,0.35153566928086666,1,12.0,0.683147868496512,22,465.0
2495.0,20,362.0,2.3815789473684212,9.467155325865937,2,72.0,0.5186230041333989,0,0.0,0.9218072107155092,2,15.0,0.6217665482259949,0,4.0,0.8924177791159261,1,15.0,0.7010487757574816,0,0.0,1.0,5,30.0,0.15910358809339503,8,280.0,0.24464510341495976,1,17.0,0.7450428485246612,19,433.0
2500.0,19,240.0,1.6216216216216217,9.179592493900303,3,49.0,0.5706241332012086,0,0.0,0.9309688963437669,3,24.0,0.4898583865836956,0,4.0,0.8956435892407916,3,23.0,0.5081468727496384,0,0.0,1.0,2,32.0,0.3507472425500189,6,144.0,0.3280202613938159,1,2.0,0.5440955174629426,18,278.0
2505.0,21,221.0,1.483221476510067,9.049120555560458,6,69.0,0.25085721784965326,0,0.0,0.9210379025770005,1,8.0,0.7454280369330977,1,3.0,0.5769832427833108,2,25.0,0.5838205390981598,0,0.0,0.6139715953675695,2,37.0,0.5592728358049782,4,100.0,0.4817259284969568,3,18.0,0.5419535508878865,19,260.0
2510.0,29,320.0,2.1333333333333333,8.958617473147651,7,102.0,0.272828768856519,0,0.0,0.7264944940878455,0,4.0,0.7792372210863167,3,18.0,0.522071753531786,0,12.0,0.5014161403852114,0,0.0,0.9559875835879472,2,51.0,0.508999245340233,6,116.0,0.2875940108700961,5,42.0,0.45816823687844277,23,345.0
2515.0,35,430.0,2.925170068027211,7.922587649908425,8,99.0,0.23410176005307345,2,5.0,0.49137055515073225,0,0.0,0.7251665186192181,3,41.0,0.6227320121758262,3,19.0,0.43634430799673257,0,0.0,0.8214629988415038,3,64.0,0.18063354108494944,6,144.0,0.27145138464171237,7,77.0,0.46983611792415986,32,449.0
2520.0,30,360.0,2.4827586206896552,8.254319278059414,3,100.0,0.2817393100432138,2,15.0,0.4639220114287428,1,3.0,0.7202693188194591,3,67.0,0.6659829340859401,3,34.0,0.43315424427742966,0,4.0,0.9492909349978562,1,14.0,0.5619441754415382,5,80.0,0.41870299195928445,7,108.0,0.3951924175930824,25,425.0
2525.0,21,263.0,1.8013698630136987,8.794558072528472,3,70.0,0.35875007941512727,1,11.0,0.457046204317916,0,0.0,0.9616624094214318,1,47.0,0.5665873171550089,4,52.0,0.4165727460678956,0,0.0,0.9737857962153359,1,7.0,0.6323217695551527,1,28.0,0.658870679981688,6,105.0,0.3124055662898679,17,320.0
2530.0,18,131.0,0.903448275862069,9.21189411641649,4,63.0,0.41742111492646994,0,0.0,0.9743154359174446,1,5.0,0.7958674889307332,4,51.0,0.43164681871943666,3,45.0,0.5301537033735834,0,0.0,1.0,1,16.0,0.4879428119579922,1,19.0,0.5578292406952002,3,105.0,0.30540154895198673,17,304.0
2535.0,23,193.0,1.3496503496503496,9.22324219268712,4,71.0,0.26728521245637665,0,0.0,0.9602925470205684,1,6.0,0.7066539014541694,7,85.0,0.2101330450916235,1,15.0,0.7201191255316467,0,0.0,1.0,1,18.0,0.5931527136695494,3,29.0,0.36093117123535345,4,66.0,0.4324428742459847,21,290.0
2540.0,30,305.0,2.1180555555555554,8.344111419036413,3,79.0,0.3630801757259709,0,0.0,0.7806685101440585,2,13.0,0.6780778323408095,11,116.0,0.22426123482749752,1,18.0,0.7674309350167615,0,0.0,0.9947694730887178,2,24.0,0.28641118249272673,5,53.0,0.4496326930159702,4,57.0,0.4930548859294128,28,360.0
2545.0,25,252.0,1.726027397260274,7.89446092945496,4,91.0,0.40568669507675936,1,3.0,0.6410103249265888,0,0.0,0.8886339006851797,6,81.0,0.4549748806585007,3,19.0,0.5123692848173825,0,0.0,0.9365463462941918,3,13.0,0.3475806735446372,4,66.0,0.5410544580968705,3,20.0,0.32649767466776675,24,293.0
2550.0,18,240.0,1.7142857142857142,7.855899313409589,4,111.0,0.34683182887493447,0,0.0,0.6941281930623603,0,0.0,0.6747062075959357,1,46.0,0.41692847131024774,2,15.0,0.48085783126920856,0,0.0,1.0,1,3.0,0.6666199446808097,5,99.0,0.5362904958264397,5,27.0,0.11501997903147314,18,301.0
2555.0,24,260.0,1.7808219178082192,8.748506407538143,6,134.0,0.027885596134291812,1,1.0,0.6783999160356716,2,12.0,0.727538723688734,1,15.0,0.6279691398630552,3,17.0,0.6225004530272267,0,0.0,0.514990751040775,1,6.0,0.6768451282577751,3,53.0,0.5124832056477822,6,56.0,2.5775565135689e-06,23,294.0
2560.0,30,379.0,2.578231292517007,8.677135505650838,6,145.0,0.13446220369533837,1,6.0,0.6096694967004619,2,18.0,0.7129575481805316,1,16.0,0.7204929896648355,3,27.0,0.5438170665891305,0,5.0,0.9402707175193333,2,14.0,0.33119383364125005,6,80.0,0.29680957918180423,6,86.0,0.13770573432663427,27,397.0
2565.0,27,429.0,2.9791666666666665,8.157228623994033,3,156.0,0.411591326747768,2,12.0,0.3251208776465931,1,13.0,0.7908812290870513,1,17.0,0.3125310463610601,4,42.0,0.30105188091956725,0,2.0,0.8595497660197899,3,14.0,0.36952314993480534,7,107.0,0.19612649609718458,4,79.0,0.3419510243374555,25,442.0
2570.0,24,376.0,2.5753424657534247,8.258922832758525,3,157.0,0.39969934623902026,1,6.0,0.5053111969999733,1,1.0,0.7991250479184331,2,25.0,0.3900797429706996,4,36.0,0.2828584230605709,0,2.0,0.9323426864572963,1,20.0,0.5957685886252564,10,152.0,0.23429882469759503,0,28.0,0.7306518409137849,22,427.0
2575.0,18,399.0,2.7517241379310344,8.859628379993094,4,175.0,0.26169224513295825,0,0.0,0.8191617007333332,1,10.0,0.808061748288854,2,39.0,0.6580629264791286,0,19.0,0.2440459083004683,0,0.0,0.9959403502063123,2,53.0,0.5917541626758889,8,171.0,0.2463767039884736,0,4.0,0.8899476917301129,17,471.0
2580.0,23,378.0,2.625,9.551509676075689,4,126.0,0.4001946405612945,0,0.0,0.9356366904205239,1,15.0,0.8239432410449514,3,51.0,0.6219824289087962,0,4.0,0.362313353911347,0,0.0,0.9199005662206466,4,53.0,0.43902332102296676,7,181.0,0.35586520602237665,1,6.0,0.7149349769606098,20,436.0
2585.0,21,313.0,2.1586206896551725,8.899546352247635,4,87.0,0.2717026058294416,0,0.0,0.5292012131380304,1,7.0,0.6265943883474437,3,62.0,0.5700913993905962,0,8.0,0.7448158171251504,0,9.0,0.9877158363939144,2,3.0,0.42940416924056696,7,200.0,0.377360266751304,1,11.0,0.403377743718257,18,387.0
2590.0,23,397.0,2.795774647887324,9.13872738052311,6,63.0,0.3661753752647487,0,0.0,0.9321693855790256,2,7.0,0.5680533425770241,4,80.0,0.5434250099030042,0,4.0,0.9043577521061922,0,9.0,0.9157150431984967,1,27.0,0.5475032373049074,7,232.0,0.37343103225077284,0,0.0,0.3954141718454685,20,422.0
2595.0,27,352.0,2.4615384615384617,8.509963523856955,9,97.0,0.16122814132129432,0,2.0,0.923163848080644,2,18.0,0.6519321305191954,4,42.0,0.2918261346198012,0,4.0,0.9402616316279345,0,0.0,1.0,2,33.0,0.4357373200200274,6,161.0,0.36700655965369133,0,0.0,1.0,23,357.0
2600.0,25,293.0,2.0489510489510487,8.252855101589846,7,124.0,0.2506404515780801,0,2.0,0.953832107417996,2,28.0,0.6720687667193722,5,25.0,0.32449288772443946,0,12.0,0.5450632041275969,0,3.0,0.9275195156916655,2,42.0,0.3333918068734238,6,123.0,0.31593646934381636,0,8.0,0.9432777306524842,22,367.0
2605.0,29,325.0,2.195945945945946,7.430177699760847,8,179.0,0.28128798717512565,1,3.0,0.6930350070630766,1,1.0,0.7393317912453036,5,52.0,0.32577726783856265,5,22.0,0.4903221805755968,0,2.0,0.9609133845866741,1,1.0,0.49875149989599843,7,82.0,0.18863076675382873,0,8.0,0.9569753889874908,28,350.0
2610.0,34,480.0,3.2653061224489797,7.85559989759915,8,219.0,0.23559590394620544,1,8.0,0.6386466670118958,1,6.0,0.7849125548403976,6,78.0,0.29380328864841776,6,51.0,0.5088584716283625,0,0.0,1.0,1,4.0,0.5107996624777054,9,111.0,0.1545406696258551,0,8.0,0.9409240866707508,32,485.0
2615.0,30,461.0,3.1360544217687076,7.633784107775125,10,267.0,0.2061744461442908,1,13.0,0.5665549348693124,1,11.0,0.7473883059033,2,39.0,0.4671105684306471,5,43.0,0.39838887520715754,0,0.0,1.0,2,42.0,0.4905499645064648,5,66.0,0.26108641711222463,1,9.0,0.47588753540107237,27,490.0
2620.0,27,407.0,2.75,7.799268667705129,7,227.0,0.10796612439635844,1,18.0,0.6668954903671523,1,20.0,0.6473067557888589,1,9.0,0.7449731950704481,4,50.0,0.23288728864406008,0,0.0,0.9706586016174727,4,61.0,0.39761061146861565,5,85.0,0.3622921728336564,2,23.0,0.2231167158343538,25,493.0
2625.0,25,265.0,1.7549668874172186,8.541638992979232,2,183.0,0.3316945218272018,0,0.0,0.6461777297332447,2,7.0,0.6308920844207876,1,10.0,0.6212946811731047,4,47.0,0.4759473768191978,0,2.0,0.9567233448839436,3,30.0,0.3482667834965616,5,110.0,0.4166902541065609,4,44.0,0.47023349532449327,21,433.0
2630.0,23,310.0,2.052980132450331,8.891188321436026,3,81.0,0.37364822283991894,0,0.0,0.9400147296653633,0,4.0,0.827042854457755,3,25.0,0.6040118470024886,4,59.0,0.6059182111197526,0,2.0,0.9400467906045971,1,15.0,0.24760539093518902,6,136.0,0.2994472996208035,1,13.0,0.6941387929053766,18,335.0
2635.0,20,271.0,1.794701986754967,8.879818337842364,3,59.0,0.289966131811614,0,0.0,0.9990340089176539,1,5.0,0.781617333394502,4,43.0,0.542913094616863,0,8.0,0.5460811981229151,0,0.0,0.9545951941026367,2,16.0,0.3875058372218315,4,99.0,0.46609164094695615,0,4.0,0.6659920629519636,14,234.0
2640.0,23,173.0,1.1161290322580646,8.880205808620698,4,60.0,0.16556445970731842,1,2.0,0.005378125592384697,1,10.0,0.7438305348314567,4,37.0,0.4136985371436451,2,15.0,0.2456622935410408,0,0.0,0.9858201772551164,3,29.0,0.55567094121491,2,43.0,0.5624951566417005,2,9.0,0.3055223744973869,19,205.0
2645.0,22,174.0,1.144736842105263,8.553001161113762,1,61.0,0.4344811751590306,0,0.0,1.0,0,4.0,0.9619590953370956,5,34.0,0.5501298802843716,4,43.0,0.3853620657361909,0,0.0,1.0,1,12.0,0.5673585856034437,3,50.0,0.5541293174678107,4,26.0,0.40366663284042836,18,230.0
2650.0,24,191.0,1.2402597402597402,7.366344497952368,2,49.0,0.4136146588574914,0,0.0,1.0,0,0.0,0.9455246814224705,6,60.0,0.16181242451076597,5,68.0,0.4615042023846298,0,19.0,0.6856973278232877,3,29.0,0.35635134579548294,4,62.0,0.37404734419004304,1,3.0,0.4830476469350409,21,290.0
2655.0,33,294.0,1.872611464968153,7.616283433045677,3,83.0,0.2772199619607985,0,4.0,0.987590981342033,1,2.0,0.6866983099103048,10,105.0,0.024109916359710243,4,70.0,0.522588027229009,0,0.0,0.9604897007859232,6,52.0,0.2864271032064505,3,63.0,0.2730379903178067,1,18.0,0.6975155148990599,28,397.0
2660.0,33,295.0,1.8789808917197452,7.550016949009735,6,105.0,0.14673055835177148,0,4.0,0.9142835782558439,2,7.0,0.5414461302841302,7,83.0,0.3152568753868668,1,53.0,0.406913929711969,0,0.0,1.0,6,80.0,0.2506883804194199,3,64.0,0.4970195834012722,2,35.0,0.5569060710470922,27,431.0
2665.0,24,232.0,1.4683544303797469,7.793492654492106,7,142.0,0.18716623086729287,0,4.0,0.9998878293348475,2,7.0,0.49332971689461536,1,20.0,0.6422087785135789,3,21.0,0.4864814387670117,0,0.0,1.0,3,40.0,0.27196857605987396,3,79.0,0.5247141754707608,3,31.0,0.4989232381931197,22,344.0
2670.0,25,285.0,1.8269230769230769,7.972198824937182,9,182.0,0.10002672564846195,0,4.0,0.9641022989115168,2,15.0,0.705511989238949,4,20.0,0.5694777983657869,3,29.0,0.48997373183679305,0,0.0,1.0,1,38.0,0.5202258718656171,4,93.0,0.48427488127538565,0,4.0,0.8324637542668204,23,385.0
2675.0,24,268.0,1.6855345911949686,8.054814287693487,7,142.0,0.1661851979056864,0,4.0,0.8166105701702975,2,25.0,0.646440448796646,5,45.0,0.43110490457167416,0,0.0,0.5089477754988264,0,6.0,0.8148928307039902,2,45.0,0.5569634288438184,4,83.0,0.4369557392990312,1,9.0,0.6322668383891245,21,359.0
2680.0,27,276.0,1.7142857142857142,8.293779377057685,5,140.0,0.16396431675099235,0,4.0,0.9409758984787926,3,40.0,0.6876718723751252,2,27.0,0.5333892192734666,1,3.0,0.6614648681449646,0,0.0,0.8444678184601266,3,59.0,0.4577775428902946,3,80.0,0.5460362416403146,3,19.0,0.5920064068824499,20,372.0
2685.0,22,253.0,1.5521472392638036,8.483834409165885,2,67.0,0.3160667570013159,0,4.0,0.9876617301808183,1,18.0,0.8685036635591148,3,27.0,0.595311246187787,1,20.0,0.7030422892098981,0,0.0,0.8719945607345018,2,58.0,0.4217392166443994,4,96.0,0.35150669972655546,3,34.0,0.3782278949080836,16,324.0
2690.0,29,306.0,1.8433734939759037,8.03332489880531,2,48.0,0.32487909926914327,0,0.0,0.9726443643889363,1,10.0,0.7716290983199233,4,42.0,0.33034453161889465,1,25.0,0.7566708845338117,0,3.0,0.9826296095779219,2,43.0,0.38663510928858147,5,113.0,0.27089823256168544,4,35.0,0.15229901851212727,19,319.0
2695.0,34,339.0,2.0421686746987953,7.3760580863412,3,58.0,0.21116423707331405,0,4.0,0.8173309049079954,2,20.0,0.7977921271196954,8,80.0,0.21408154479629227,1,12.0,0.7474075444093822,0,3.0,0.945584353917293,6,51.0,0.201217569539546,3,114.0,0.3037512621198693,1,19.0,0.4910176884278414,24,361.0
2700.0,37,432.0,2.6503067484662575,7.132005398936865,5,80.0,0.30338729608835835,2,12.0,0.6708312907624013,2,26.0,0.6119506147288405,5,56.0,0.2297985913145385,0,8.0,0.47332210516212925,0,9.0,0.9494968528072517,7,120.0,0.19086911693056602,4,138.0,0.3057828036152217,1,14.0,0.5215855133111789,26,463.0
2705.0,35,469.0,2.8424242424242423,8.210641218874018,5,106.0,0.35894786758137487,1,14.0,0.7411616224770433,2,18.0,0.5916535419044547,0,20.0,0.8422597961486988,4,24.0,0.5116926423645154,0,10.0,0.8575232615453483,4,104.0,0.4589291950394899,5,158.0,0.3762181144728322,1,23.0,0.7163020635542706,22,477.0
2710.0,28,460.0,2.738095238095238,8.246062525387881,7,133.0,0.3515227224251644,0,8.0,0.9300927380248346,2,13.0,0.5664995963697371,0,4.0,0.9308382457640344,4,42.0,0.48772193452287194,0,0.0,0.9995823242970795,0,80.0,0.55217097237476,5,179.0,0.32913661975023034,1,43.0,0.7503704077309518,19,502.0
2715.0,33,468.0,2.802395209580838,7.957664238900815,7,115.0,0.292453034026313,0,8.0,0.9537741109589758,3,28.0,0.6595949049325222,0,0.0,0.893042080544805,3,34.0,0.4113905743833694,0,0.0,0.9332605164078471,3,93.0,0.5594335556673815,4,184.0,0.3892423780141672,1,40.0,0.6855522591029602,21,502.0
2720.0,26,446.0,2.6706586826347305,8.277046217847499,3,94.0,0.29049462944670756,0,8.0,0.9377251217415439,3,26.0,0.48497746974681627,0,78.0,0.7415904415583238,2,27.0,0.19256049337582953,0,4.0,0.8747626693180821,3,54.0,0.4500696611044916,4,202.0,0.258563474930094,3,34.0,0.40784267524988344,18,527.0
2725.0,30,518.0,3.06508875739645,8.698003226480832,6,109.0,0.308614370068991,0,0.0,0.8781411235665834,2,15.0,0.7061018977585676,0,73.0,0.8266798871222572,2,22.0,0.4951163656333729,0,3.0,0.9352466178432485,3,25.0,0.4566292151279415,5,223.0,0.338935024041061,3,49.0,0.4702187728891896,21,519.0
2730.0,26,525.0,2.9829545454545454,8.77661999330334,8,147.0,0.15729837564695057,1,3.0,0.49776110416925023,0,5.0,0.6950394268865395,0,85.0,0.6292303787484829,2,32.0,0.585746693736049,0,0.0,0.9779253331882194,2,25.0,0.5311549688731521,5,248.0,0.4595495339560392,1,3.0,0.48737187889473543,19,548.0
2735.0,32,603.0,3.526315789473684,8.49799144454758,6,114.0,0.2983767849049835,1,8.0,0.4778946883282161,1,8.0,0.7827228618047933,2,86.0,0.43673506679276136,2,42.0,0.4513312789780836,0,0.0,0.9023194576514724,4,45.0,0.4823227729282282,5,281.0,0.5219917851788883,2,12.0,0.396883765223269,23,596.0
2740.0,29,385.0,2.2781065088757395,8.229629360697814,1,95.0,0.3851698110792306,1,13.0,0.46984564414805396,1,13.0,0.6234542857650032,5,108.0,0.2306329111070453,1,5.0,0.36178202913351615,0,0.0,0.964976246974488,5,62.0,0.42070995603727285,5,120.0,0.395217487359588,3,22.0,0.5903990483752722,22,438.0
2745.0,33,353.0,2.1137724550898205,7.990432365774016,0,42.0,0.5522953649466251,1,18.0,0.46685437536062574,2,10.0,0.5826249799023596,8,146.0,0.08607210681356167,0,0.0,0.6533441838526429,0,16.0,0.9239099127778296,3,44.0,0.4059450866196203,2,73.0,0.5844924157687901,3,60.0,0.5653298558891334,19,409.0
2750.0,30,293.0,1.744047619047619,7.821027890194627,1,18.0,0.5152633484171857,1,23.0,0.6598761223739226,0,3.0,0.4872875850667079,9,191.0,0.29385233446786607,1,3.0,0.5209441580693436,0,16.0,0.9820060612941761,1,71.0,0.5174668301743267,4,31.0,0.42353691721538134,3,47.0,0.6850717990048326,20,403.0
2755.0,29,334.0,2.0120481927710845,7.824938609299138,2,25.0,0.48672769408935734,0,4.0,0.6712357220207263,1,5.0,0.6150880061015843,7,168.0,0.3912931675061352,3,10.0,0.32994616543434,0,0.0,1.0,1,118.0,0.3767829671360831,6,48.0,0.31888211645422015,1,29.0,0.5846397515393653,21,407.0
2760.0,31,255.0,1.5178571428571428,7.892874316810619,7,65.0,0.23063910484359598,0,4.0,0.8766973252024629,2,11.0,0.29163256776690405,2,149.0,0.3788590869274723,3,25.0,0.5588962784340517,0,0.0,1.0,2,139.0,0.4317140939353426,6,42.0,0.28665932933294297,4,30.0,0.4581453009073401,26,465.0
2765.0,40,341.0,2.0058823529411764,7.759758975379182,10,120.0,0.21912303323432358,0,4.0,0.8725226600938079,2,21.0,0.49228145332792295,1,113.0,0.47640730778914675,0,5.0,0.7624711673960726,0,0.0,0.9843520669906991,2,114.0,0.34383733379454307,5,67.0,0.4125107419529847,7,61.0,0.21588933620805137,27,505.0
2770.0,44,494.0,2.888888888888889,7.274434095470636,12,181.0,0.22203532364526754,1,6.0,0.5960397621664257,1,1.0,0.4900509892714812,3,62.0,0.4576584587341169,1,6.0,0.599597148652699,0,0.0,0.9347136888541484,1,123.0,0.3303504219471278,5,92.0,0.47784563607157704,7,96.0,0.386255710215444,31,567.0
2775.0,48,601.0,3.5562130177514795,7.271069752535389,12,192.0,0.22080230524265057,1,11.0,0.4959007014537763,1,6.0,0.48774132640616735,5,37.0,0.32836857055369056,2,11.0,0.5817383239366186,0,0.0,1.0,1,75.0,0.3771222948275261,7,119.0,0.31168429717946755,5,67.0,0.45891843252598274,34,518.0
2780.0,38,520.0,3.0588235294117645,7.299262353260439,7,191.0,0.24043276596106194,0,4.0,0.907362311991193,1,11.0,0.6712024980928366,3,26.0,0.31513575125115223,4,30.0,0.4346895909513333,0,0.0,1.0,2,78.0,0.3356192298179804,6,100.0,0.37614999221334605,2,31.0,0.6460469391313902,25,471.0
2785.0,36,485.0,2.8197674418604652,7.79752794472259,6,195.0,0.3746560161993647,0,0.0,0.9458823372284036,2,17.0,0.6304382475268323,5,26.0,0.3853812496977734,6,51.0,0.40188026973199725,0,0.0,1.0,2,59.0,0.25750699243966685,1,61.0,0.5585667989278905,3,34.0,0.3430870999647424,25,443.0
2790.0,35,572.0,3.25,7.79995862384138,6,176.0,0.29543284087413724,0,0.0,0.961286472683947,2,27.0,0.6706417670840424,6,60.0,0.3496892419392791,3,60.0,0.45747412970538237,0,0.0,1.0,1,72.0,0.6033485041873068,3,43.0,0.5432819169867232,4,50.0,0.48654339453575524,25,488.0
2795.0,34,634.0,3.7738095238095237,7.929455445924363,9,196.0,0.2750913402574307,0,0.0,0.9297781085442425,2,37.0,0.5834057902907476,7,93.0,0.4139020480463981,3,46.0,0.5689729148205421,0,0.0,1.0,0,106.0,0.8611627322944824,2,43.0,0.5116505858738325,2,33.0,0.5542566809171229,25,554.0
2800.0,25,466.0,2.7904191616766467,7.975202854365825,8,270.0,0.2581596617118391,0,0.0,0.9257333339768659,1,20.0,0.7396539231858884,4,81.0,0.5448237470252698,4,53.0,0.48354345832943246,0,0.0,0.9249220602310615,0,138.0,0.7142989862218859,2,13.0,0.23036834411528145,1,4.0,0.6779384932044238,20,579.0
2805.0,31,298.0,1.8170731707317074,7.653580390817627,13,315.0,0.18703690810754833,0,4.0,0.9728107624063187,0,4.0,0.8682922313261359,0,63.0,0.6997096796860037,4,30.0,0.5283084793575132,0,4.0,0.6396379318885689,2,157.0,0.5440794168476619,6,40.0,0.2541365525643419,3,26.0,0.5535905221440551,28,643.0
2810.0,39,450.0,2.7439024390243905,7.251014373491666,17,376.0,0.08983754654213497,1,5.0,0.4855591588617948,0,4.0,0.6918711877419553,1,16.0,0.6951954313619786,3,27.0,0.39794969666431607,0,4.0,0.9158149790526302,4,170.0,0.32200889527357873,6,70.0,0.2347185425540647,4,36.0,0.44541439058315935,36,708.0
2815.0,47,602.0,3.6265060240963853,6.93832209397021,16,425.0,0.13985264644046383,1,10.0,0.4694224483622076,3,16.0,0.6553350848973098,1,13.0,0.7710969176817543,7,50.0,0.25081162256488193,0,0.0,0.9859804738677155,3,76.0,0.3436728955414683,6,100.0,0.35392684399335705,5,67.0,0.43201135197937235,42,757.0
2820.0,39,621.0,3.7636363636363637,7.214048821363254,12,471.0,0.2285860063351839,1,15.0,0.4946686838969936,2,17.0,0.710677295204216,1,18.0,0.758059504113673,9,88.0,0.09873204996339086,0,0.0,0.9678662209482481,1,42.0,0.35418032605418864,2,52.0,0.5470564048108253,6,97.0,0.3930245800593791,34,800.0
2825.0,27,556.0,3.2705882352941176,7.704165700381348,11,465.0,0.2541321589923516,0,4.0,0.9281724235033562,0,12.0,0.9324232562051276,0,8.0,0.12423595587839127,6,85.0,0.1886575181007779,0,0.0,1.0,1,16.0,0.5312323900235543,2,9.0,0.44709250913163767,4,59.0,0.46371204616181066,24,658.0
2830.0,23,507.0,2.9823529411764707,8.505496261833244,12,449.0,0.23498287913823282,0,4.0,0.9728424884499198,0,12.0,0.8546834982705469,3,24.0,0.28247332973165007,0,64.0,0.5507543954492894,0,0.0,0.9724469562486731,1,33.0,0.5100002111377767,3,27.0,0.4842760151397083,3,33.0,0.42895149692647694,22,646.0
2835.0,33,566.0,3.3491124260355027,8.259725447205113,16,454.0,0.13677437240063361,0,0.0,0.9241709029806917,1,16.0,0.7540848624384823,3,26.0,0.6532963480199816,0,24.0,0.8539798454950193,0,0.0,0.9629338712003753,5,47.0,0.36582710402996804,4,47.0,0.6127031518436142,4,41.0,0.2731266529687084,33,655.0
2840.0,34,407.0,2.437125748502994,7.796159048380256,17,463.0,0.09926378540975121,0,0.0,0.9982971063362873,1,11.0,0.693972194131562,3,41.0,0.6452535024411896,0,12.0,0.6282233648700587,0,0.0,1.0,4,33.0,0.3418385037818952,4,52.0,0.7042617268439884,5,65.0,0.4082406669098559,34,677.0
2845.0,29,315.0,1.920731707317073,7.616636178159178,15,377.0,0.17329920005044602,0,0.0,0.927257685120946,2,21.0,0.7217895315674774,1,14.0,0.619827336484994,1,3.0,0.42451020280781926,0,1.0,0.7425596241010959,1,15.0,0.6727390128369921,4,58.0,0.4977607542047832,4,55.0,0.4421386038695405,28,544.0
2850.0,27,364.0,2.1927710843373496,7.828576416866496,13,369.0,0.2808205837473389,0,4.0,0.5473537625566026,2,31.0,0.7118981254972887,0,11.0,0.6822963739254222,1,11.0,0.6065995981062042,0,1.0,0.9455985807624007,1,19.0,0.6193154049858377,9,93.0,0.10482798150574171,1,46.0,0.5517289178796081,27,585.0
2855.0,36,474.0,2.788235294117647,8.133687134473957,14,387.0,0.18596343906364943,1,8.0,0.5907011723331512,6,46.0,0.5504091584870794,0,14.0,0.7924992003044721,1,13.0,0.7583768935437852,0,34.0,0.9606912756633075,2,26.0,0.4035893950648079,11,150.0,0.18229902623694122,1,21.0,0.6046448355086126,36,699.0
2860.0,34,397.0,2.335294117647059,8.034144055958674,12,398.0,0.12081284270736514,1,13.0,0.7160618106290499,4,41.0,0.4496189548745084,0,18.0,0.8331057951505398,1,9.0,0.7562071242242713,0,41.0,0.9356452667023262,2,14.0,0.358216014259396,11,154.0,0.2661006817950436,3,28.0,0.519368430950793,34,716.0
2865.0,29,383.0,2.2662721893491122,8.75701535859283,11,362.0,0.19237609104430922,1,18.0,0.6409170561897759,1,17.0,0.7395118380220492,1,6.0,0.6005541262247258,2,11.0,0.3254340269736316,0,7.0,0.9585379460325055,1,133.0,0.6914817987236973,5,159.0,0.4362403485044458,4,48.0,0.4967451379297534,26,761.0
2870.0,29,433.0,2.562130177514793,8.391618908591767,13,365.0,0.21690886340207977,0,4.0,0.9320018312124967,1,13.0,0.7669901129988973,1,11.0,0.6275427712311592,1,6.0,0.4867423062843913,0,0.0,1.0,1,73.0,0.6872141228971076,5,138.0,0.4997882860020603,4,23.0,0.5417669960199935,26,633.0
2875.0,28,488.0,2.8705882352941177,8.496940082977162,12,341.0,0.12994216962018393,0,8.0,0.9079760848969365,1,18.0,0.423291944485571,1,12.0,0.49733432429294205,0,6.0,0.7141428179868088,0,0.0,0.9293907450084616,3,96.0,0.5854133893676535,5,163.0,0.45127126414583213,2,21.0,0.5413794317866458,24,665.0
2880.0,28,323.0,1.9112426035502958,9.043609950107744,10,322.0,0.2958421160652448,0,4.0,0.9417545779176009,0,4.0,0.8621591677727746,1,21.0,0.6244281100790189,1,7.0,0.7795657050055766,0,0.0,0.9565129526324462,5,114.0,0.42505914353325563,3,57.0,0.5182446443478255,5,36.0,0.40485458308678945,25,565.0
2885.0,30,379.0,2.255952380952381,8.64681527461373,11,377.0,0.2531817045577525,0,4.0,0.6042703555341398,0,4.0,0.9388538898787683,0,0.0,0.901670347520021,1,12.0,0.7830464550088965,0,0.0,1.0,3,114.0,0.4151718387992875,4,47.0,0.46217844670551717,6,62.0,0.3790062256986193,25,620.0
2890.0,32,419.0,2.4502923976608186,8.133317218840238,13,433.0,0.1573990239036981,1,8.0,0.627262941119059,0,4.0,0.9636079150499333,2,3.0,0.6049276993921987,0,6.0,0.6754801009084329,0,0.0,0.8948961177268249,1,96.0,0.558215291637595,7,71.0,0.1418326299629574,3,41.0,0.44138673274494566,27,662.0
2895.0,41,526.0,3.0941176470588236,7.926287451195277,16,479.0,0.12035918261229381,0,12.0,0.9250510960389842,0,8.0,0.8494002693666927,5,24.0,0.4936244779395975,2,12.0,0.5088794447570018,0,2.0,0.8768041933926964,3,109.0,0.3415885454662972,8,109.0,0.0975169241693737,1,24.0,0.6214812066610329,35,779.0
2900.0,42,599.0,3.586826347305389,7.557492358908248,13,522.0,0.15774288847359808,0,16.0,0.9473980603746689,0,8.0,0.910782416508884,5,49.0,0.35559509685538493,5,30.0,0.44742871554347674,0,0.0,0.9174454155848744,6,135.0,0.21215996950155036,7,114.0,0.344978185377758,2,21.0,0.5938388097961018,38,895.0
2905.0,37,624.0,3.7142857142857144,7.463694331486773,12,535.0,0.22344096423279702,0,16.0,0.949034548118327,0,8.0,0.9280534881421099,2,31.0,0.49919239262056847,7,58.0,0.1888101606221734,0,0.0,0.9450444541257722,5,116.0,0.2227794769082764,3,101.0,0.4449369595903212,2,26.0,0.5426388362620745,31,891.0
2910.0,35,642.0,3.7109826589595376,8.139911984476845,12,570.0,0.23587268801036412,0,12.0,0.9487140708992765,0,8.0,0.6101105267785305,0,17.0,0.7617265071851475,8,81.0,0.2979308806427385,0,0.0,0.9733971220099625,4,99.0,0.3515247812949756,4,99.0,0.5251746111079534,2,9.0,0.4970456092537607,30,895.0
2915.0,30,638.0,3.7093023255813953,8.396285610218007,11,514.0,0.13044380274279138,0,12.0,0.9030199737989028,1,6.0,0.7240167365990642,0,4.0,0.8348000053190241,2,74.0,0.5802519218328741,0,0.0,0.9799398256949712,5,67.0,0.32579424052518396,4,123.0,0.36387681294642693,4,28.0,0.4230409220216669,27,828.0
2920.0,31,393.0,2.2716763005780347,8.592892656172781,10,468.0,0.25595095778940974,0,8.0,0.7203371065996186,0,8.0,0.9709725219053601,0,11.0,0.9460214809377575,1,37.0,0.5912246206358357,0,0.0,0.9474024903024677,6,97.0,0.13984622896401397,4,48.0,0.22117500132660348,7,58.0,0.36601858856119246,28,735.0
2925.0,30,364.0,2.08,8.639821345137303,8,300.0,0.3361909666971579,1,5.0,0.639772857376175,0,8.0,0.9274184086710666,0,11.0,0.8884254871845879,3,42.0,0.3650691005200076,0,0.0,0.9458612276002537,4,71.0,0.3828940288012831,2,20.0,0.23169633472191342,8,100.0,0.2222303755196745,26,557.0
2930.0,38,432.0,2.440677966101695,8.425751915546018,10,225.0,0.31543693286636054,2,12.0,0.5402012189912021,1,6.0,0.780182733342086,0,7.0,0.8800899262638806,6,60.0,0.2636000001970738,0,0.0,0.8380460711565024,1,78.0,0.6174609234123242,3,28.0,0.007736367520895415,10,148.0,0.16499624097821927,33,564.0
2935.0,39,456.0,2.561797752808989,7.534165818891219,8,162.0,0.22256069722887795,3,13.0,0.3974947260278319,2,13.0,0.695513514311537,1,5.0,0.6733000953273419,7,93.0,0.2146538821691221,0,0.0,0.954333236149856,1,58.0,0.3479396807948274,5,53.0,1.0903723074274125e-05,7,122.0,0.2752511731069584,34,519.0
2940.0,32,392.0,2.2658959537572256,8.071884424793275,9,178.0,0.20944153426392578,1,16.0,0.5112031604967482,1,15.0,0.8406820677870586,3,13.0,0.5626684628280225,3,55.0,0.29816486282530114,0,2.0,0.9794166225236837,3,70.0,0.3560931347776584,4,66.0,0.19808424367415073,4,83.0,0.37851671560777295,28,498.0
2945.0,32,444.0,2.537142857142857,8.449878813619343,11,191.0,0.22919920174733094,1,15.0,0.6898901535470311,0,8.0,0.8178349384028137,1,22.0,0.4576782828198597,1,36.0,0.16666928713150828,0,2.0,0.9393638642396723,1,49.0,0.48194810561796503,4,88.0,0.341785714835095,5,94.0,0.3740544243757366,24,505.0
2950.0,42,609.0,3.440677966101695,8.320015608684834,11,244.0,0.18637180826592736,2,23.0,0.5325919052605611,1,12.0,0.7260393158089102,4,26.0,0.5867493247911643,2,20.0,0.4591897154582773,0,0.0,0.9645967786402231,1,6.0,0.7043590822916584,4,104.0,0.42809841020793604,6,120.0,0.12867880818392952,31,555.0
2955.0,37,654.0,3.715909090909091,8.23037673286247,11,251.0,0.14128461533133724,1,12.0,0.6467994538658216,2,22.0,0.7140021878008949,5,71.0,0.448976045325668,2,30.0,0.5830464927194543,0,0.0,0.935915784550833,1,10.0,0.5328028261062172,4,124.0,0.45432090929080543,3,95.0,0.3176002784762722,29,615.0
2960.0,33,465.0,2.6878612716763004,7.829112427886335,7,269.0,0.2660110849337247,0,0.0,0.919165427303199,1,10.0,0.5664718886873406,8,119.0,0.34402712331039653,1,5.0,0.5209973268874065,0,4.0,0.8136938565059586,4,24.0,0.11419517495903338,1,36.0,0.5873600283911181,0,57.0,0.5671208283301808,22,524.0
2965.0,33,412.0,2.395348837209302,7.712742850338896,7,260.0,0.3226689425862127,0,0.0,0.787724864497221,0,8.0,0.4682392735438675,6,121.0,0.3916143909893326,1,6.0,0.5929817874376588,0,0.0,0.8454700886236047,6,52.0,0.17742869401059802,3,23.0,0.5288772862551636,1,4.0,0.5459386139141043,24,474.0
2970.0,38,434.0,2.4942528735632186,7.839590930816385,8,269.0,0.2333881481215345,1,1.0,0.16471643562834246,1,13.0,0.542622947072519,3,72.0,0.39005333113095314,2,22.0,0.656585977148653,0,0.0,0.9785808965933914,4,36.0,0.360169997421324,5,39.0,0.4845908101649302,4,26.0,0.4795981461333442,28,478.0
2975.0,30,431.0,2.4350282485875705,8.195528273040317,9,243.0,0.19951295843677835,1,4.0,0.4224101601214401,1,14.0,0.4933551063384609,4,66.0,0.39070868713059165,2,32.0,0.7095580284306225,0,0.0,0.9381111175787606,0,12.0,0.5896889323949099,6,62.0,0.21526599300816557,2,17.0,0.7321889670170653,25,450.0
2980.0,23,243.0,1.3806818181818181,8.709016934087275,6,228.0,0.34690786071509927,0,8.0,0.9500758991919066,0,4.0,0.9781313400908745,5,49.0,0.33042719858443265,1,9.0,0.7454876569447855,0,0.0,0.9411749010060403,1,32.0,0.5299262659101464,5,56.0,0.3258359686029709,0,5.0,0.6919874131684091,18,391.0
2985.0,22,273.0,1.5511363636363635,8.713784996493553,5,133.0,0.4269855475083932,0,4.0,0.9273131474205858,0,4.0,0.8164610845463788,5,77.0,0.3740777537481526,1,9.0,0.5763820476178014,0,0.0,1.0,2,30.0,0.5870317500997745,1,31.0,0.49697635203331797,2,39.0,0.5099678358344459,16,327.0
2990.0,28,330.0,1.907514450867052,7.827095912023233,7,97.0,0.39843307544148376,0,4.0,0.9402941814633454,0,0.0,0.9249889146350926,5,63.0,0.3479659780109874,4,23.0,0.44619181454387596,0,0.0,1.0,1,25.0,0.5111167076531277,2,33.0,0.5062946733475081,6,60.0,0.36671431941683236,25,305.0
2995.0,35,348.0,1.9772727272727273,7.246575678694964,9,116.0,0.25113085414714165,0,4.0,0.918208594927823,0,16.0,0.8665669178895772,6,48.0,0.30909755272567035,5,51.0,0.480086902619688,0,18.0,0.9679057373514334,3,32.0,0.24841488366000014,3,43.0,0.4494838798743979,3,38.0,0.22514911902880402,29,366.0
3000.0,38,355.0,2.0170454545454546,7.3740224279796145,12,140.0,0.20365314686804856,0,8.0,0.7785357178428826,0,16.0,0.7948039618441964,8,74.0,0.20295300506562944,5,50.0,0.48542110565115687,0,18.0,0.8511807699886166,4,54.0,0.33641651242091725,2,57.0,0.4655222824276113,3,44.0,0.44723968787574286,34,461.0
3005.0,43,483.0,2.7288135593220337,7.936311518388227,14,205.0,0.14270632899327942,1,13.0,0.7744063543741827,2,23.0,0.7342491638287173,9,122.0,0.19758254114308865,1,25.0,0.38041365044315134,0,0.0,0.9605094144121069,5,71.0,0.4181049362156678,2,67.0,0.7359141155885212,4,62.0,0.5405493647636403,38,588.0
3010.0,44,587.0,3.354285714285714,7.745046160546519,16,283.0,0.1436353851397217,1,18.0,0.6825628881622406,3,36.0,0.6942220467108724,8,107.0,0.4348255247257946,2,16.0,0.38882491338404285,0,43.0,0.9412774829653037,3,46.0,0.4608437140499698,2,77.0,0.7160592479238256,4,82.0,0.5653783818505591,39,708.0
3015.0,32,457.0,2.6416184971098264,8.174720966332313,15,286.0,0.2130890730056288,0,8.0,0.7012540912348346,3,55.0,0.6633583919827407,2,80.0,0.6145697520093202,3,18.0,0.4534207762252479,0,43.0,0.8447412417569341,1,78.0,0.5046325478180798,5,92.0,0.36907083634698257,2,31.0,0.6048114140978191,31,691.0
3020.0,28,349.0,2.0409356725146197,8.608206533803513,9,299.0,0.3455511060713406,1,13.0,0.7733792914432639,1,29.0,0.796671525146308,2,49.0,0.6945306957394166,0,0.0,0.5191909869548038,0,0.0,1.0,3,21.0,0.37340444153854163,10,132.0,0.26316220245665345,1,14.0,0.6400011352630126,27,557.0
3025.0,42,484.0,2.8982035928143715,8.333593177295144,12,267.0,0.19918467663254574,2,19.0,0.48414776907832563,2,12.0,0.7336861759207784,2,50.0,0.7122022077555658,2,8.0,0.6431179562811862,0,0.0,0.9967801701430694,6,42.0,0.31691475641969374,9,163.0,0.3013088572713954,3,10.0,0.2742875314997073,38,571.0
3030.0,36,595.0,3.5843373493975905,8.09713475815399,16,321.0,0.07603102326904684,2,29.0,0.44765877109441143,2,21.0,0.5620737310674275,2,46.0,0.5155761930414948,2,18.0,0.6495863001374876,0,0.0,0.9797641555105964,4,112.0,0.44417586244435653,5,176.0,0.48559201146267855,3,29.0,0.24729195229796835,36,752.0
3035.0,34,593.0,3.5297619047619047,8.408383345290547,17,357.0,9.152910485737416e-05,1,15.0,0.728763250478786,4,36.0,0.5152692035397932,2,14.0,0.46634864999709175,3,35.0,0.6109134523188205,0,7.0,0.9798725988832538,1,97.0,0.5832958783585853,5,188.0,0.3007276408824611,0,12.0,0.8951730742045015,33,761.0
3040.0,36,508.0,2.988235294117647,8.124724501721333,12,387.0,0.10535028676350137,0,4.0,0.9217167413656747,1,17.0,0.6550107708876326,5,91.0,0.3484947793431898,5,39.0,0.48501399380638927,0,0.0,0.936039539030248,3,70.0,0.21571723452156819,8,223.0,0.23826129841714874,0,12.0,0.943364988913977,34,843.0
3045.0,32,356.0,2.1317365269461077,8.050792629625123,8,359.0,0.25771619811331103,0,4.0,0.7143868541391245,1,5.0,0.787995114559403,6,124.0,0.31591211333291525,4,40.0,0.48168611851541926,0,0.0,1.0,7,102.0,0.18375043100628224,4,111.0,0.3996775346114698,0,16.0,0.8256365958848759,30,761.0
3050.0,35,373.0,2.2202380952380953,7.743002459049076,7,283.0,0.32944395993724823,1,5.0,0.5195624911093948,1,10.0,0.6786433932044584,8,161.0,0.39991871360487413,5,41.0,0.3463815821217839,0,0.0,0.996953624472027,6,88.0,0.29480071595096446,3,60.0,0.5616018254012356,1,24.0,0.7367562551037474,32,672.0
3055.0,29,344.0,2.023529411764706,7.812765916747629,6,268.0,0.23153644462679696,2,4.0,0.33286957067937895,3,18.0,0.37173041908066906,6,85.0,0.4800978795399038,6,68.0,0.23195525897993063,0,0.0,0.8955691231315225,1,68.0,0.5695790562981641,4,26.0,0.41719549339201567,0,20.0,0.7763355421134815,28,557.0
3060.0,24,172.0,1.011764705882353,8.671905068852292,6,269.0,0.26636890505438343,1,9.0,0.27546979306901015,3,33.0,0.46620700369840723,4,79.0,0.4376062256002058,1,23.0,0.6600826011402822,0,0.0,0.9528562948159114,3,68.0,0.329464674046704,5,51.0,0.3205462230760869,1,12.0,0.8113606214255036,24,544.0
3065.0,26,208.0,1.2455089820359282,8.5385388003716,8,237.0,0.3022242911414716,1,14.0,0.0,0,0.0,0.9309537495722878,4,74.0,0.5144869788187729,0,6.0,0.9226541195580712,0,8.0,0.9356955334716144,4,85.0,0.3158230903980875,4,36.0,0.4720008969011603,3,27.0,0.35769763331798266,24,487.0
3070.0,28,287.0,1.698224852071006,8.545785511167542,9,219.0,0.28342892627195676,1,19.0,0.0,0,0.0,0.7888590235032691,5,78.0,0.6024612191965585,0,4.0,0.759235351536789,0,9.0,0.9207876895868974,1,22.0,0.5336028448297132,2,30.0,0.499589617137763,8,58.0,0.08981249388251178,26,439.0
3075.0,27,257.0,1.4855491329479769,8.49963698186623,8,198.0,0.22875567817890285,0,0.0,1.0,0,0.0,0.9381810084058292,3,41.0,0.5111573498126201,1,10.0,0.6964475062247357,0,1.0,0.9794606230397946,0,14.0,0.7447768107762792,3,17.0,0.24469421655115403,8,57.0,0.17934459274738423,23,338.0
3080.0,23,183.0,1.0397727272727273,9.054739101181445,6,125.0,0.27479826718643735,0,0.0,1.0,0,8.0,0.9329853763981488,6,29.0,0.3815208145766421,1,14.0,0.7888554583322309,0,0.0,0.9557350573150218,1,24.0,0.6231742805332999,3,40.0,0.3913739361844676,1,41.0,0.48533781744030197,18,281.0
3085.0,27,231.0,1.3352601156069364,8.762716637393991,6,98.0,0.4342523936832183,0,0.0,0.8818913226788716,1,7.0,0.7626817630754158,8,70.0,0.28537964638441166,0,8.0,0.845874427485336,0,0.0,0.9583827079257049,3,31.0,0.4146694828362447,1,17.0,0.49894665279125777,2,21.0,0.457317869617912,21,252.0
3090.0,31,299.0,1.7383720930232558,8.028979530436999,6,148.0,0.29844227159517495,0,0.0,0.9523677378342912,3,16.0,0.681377751375743,12,125.0,0.2665481955332405,0,4.0,0.799310810723146,0,0.0,0.9419293707568086,4,33.0,0.3819822829648791,1,22.0,0.5581108430532249,2,27.0,0.4763301836769284,28,375.0
3095.0,29,276.0,1.6046511627906976,8.112896145162223,8,132.0,0.16861912516771224,0,0.0,0.7942652265645679,2,30.0,0.7539176015823883,9,98.0,0.40025015729926783,1,5.0,0.40754421274018393,0,0.0,0.9548019561211697,1,41.0,0.41371763309521653,3,30.0,0.5353918081302317,0,0.0,0.955795440413445,24,336.0
3100.0,22,222.0,1.2982456140350878,9.003805319392761,5,134.0,0.30039481862610823,0,4.0,0.9392482221228015,3,48.0,0.7590685390142196,2,68.0,0.4850261254559037,0,8.0,0.8819517122676039,0,0.0,1.0,3,41.0,0.4924475451407876,4,54.0,0.5287011908547432,0,0.0,0.9084928638753715,17,357.0
3105.0,22,272.0,1.590643274853801,8.46171229056682,6,109.0,0.2501245534299942,0,4.0,0.945903129375246,2,40.0,0.6388203792882844,3,45.0,0.3972911182768799,0,8.0,0.7631579409625192,0,1.0,0.948035353525526,3,53.0,0.24523808251799403,3,41.0,0.47375851157357146,0,1.0,0.8891628408454634,17,302.0
3110.0,29,336.0,1.9649122807017543,8.23891410573006,7,142.0,0.09673187103124482,0,4.0,0.8199649757208668,2,28.0,0.5476371973554052,4,47.0,0.3994191858085154,2,17.0,0.49113379967408544,0,0.0,1.0,5,69.0,0.3094541972846837,3,39.0,0.3940962375035808,1,2.0,0.7972094857479133,24,348.0
3115.0,28,376.0,2.224852071005917,7.840081058566702,8,178.0,0.14378623110063485,0,4.0,0.9538366616485379,4,35.0,0.5540403372378124,2,39.0,0.4494537078272454,2,31.0,0.43500932250198127,0,0.0,0.9314626151815626,7,104.0,0.216640003464998,4,55.0,0.24559517285663987,0,24.0,0.7338405083457851,27,470.0
3120.0,33,452.0,2.6904761904761907,8.05069886756425,8,218.0,0.1797209050196002,0,4.0,0.8951681590519249,5,59.0,0.4850281323493278,6,59.0,0.44314757876566097,0,8.0,0.9844465436187457,0,1.0,0.8237893012763293,5,78.0,0.3326289405444252,4,75.0,0.31512266094519653,2,30.0,0.6126843729813957,30,532.0
3125.0,28,394.0,2.3592814371257487,8.391699873159014,8,210.0,0.19329815384006152,0,4.0,0.890221997811189,3,30.0,0.6020559760294565,6,87.0,0.4091128548329875,0,0.0,0.9338562692332075,0,1.0,0.815507171933228,2,43.0,0.43450170480272293,2,31.0,0.50502369200647,3,43.0,0.5897932992170014,24,449.0
3130.0,22,219.0,1.311377245508982,8.55045875275743,3,198.0,0.3231976683644806,0,4.0,0.8998192626741347,1,8.0,0.679937843264766,3,42.0,0.6025481149843585,0,0.0,0.7728237666070024,0,0.0,0.5820401551391122,6,85.0,0.36435550736532635,1,21.0,0.7566112518085419,3,66.0,0.6170981204104131,17,424.0
3135.0,29,275.0,1.6272189349112427,8.647507620282237,2,97.0,0.3762003703783662,0,0.0,0.8880421045442471,1,7.0,0.8336468928275239,3,21.0,0.4149775061824052,1,7.0,0.684172958519605,0,0.0,0.9436482931956087,8,135.0,0.3419614283030818,3,30.0,0.5467207075409749,4,83.0,0.5175666793772249,22,380.0
3140.0,22,230.0,1.3855421686746987,8.125529803426542,2,65.0,0.5488170909072583,0,0.0,0.9051457805767567,1,12.0,0.8374936386151031,7,42.0,0.18945220305371988,0,4.0,0.7872261017009714,0,0.0,0.9653474742141106,5,78.0,0.2215866911615443,3,45.0,0.34218622832619355,2,57.0,0.6690839870177753,20,303.0
3145.0,22,186.0,1.1137724550898203,8.354864658413666,2,66.0,0.3061759115303,0,0.0,0.9366936228195113,0,0.0,0.8052808143022561,9,79.0,0.2718671171840598,0,4.0,0.8691323209823242,0,5.0,0.9652014310125562,2,55.0,0.46705942091957237,5,41.0,0.0013446832253238528,0,35.0,0.484107482002861,18,285.0
3150.0,22,219.0,1.3272727272727274,8.246396526148574,3,76.0,0.08771359631852751,0,0.0,0.8248005488560519,2,9.0,0.6787615293209336,5,53.0,0.43806866585557175,0,0.0,0.508517659090738,0,0.0,0.9565023590041694,2,57.0,0.4572050748108594,2,51.0,0.33579760726048,4,43.0,0.3347590351710847,18,289.0
3155.0,24,275.0,1.6768292682926829,8.679011581565002,4,95.0,0.29111996941443813,1,2.0,0.6343907120822881,4,22.0,0.5365859907351542,0,46.0,0.5547094105842247,1,17.0,0.7050277383612451,0,1.0,0.9299987448052145,3,51.0,0.2714178749376178,2,61.0,0.5446882639461347,5,47.0,0.27162248214531665,20,342.0
3160.0,19,296.0,1.8734177215189873,9.019683489979142,4,120.0,0.3576702714556266,0,0.0,0.9354064514608925,5,45.0,0.5184324137465287,0,31.0,0.7267294539175996,0,12.0,0.9335591105943747,0,1.0,0.9460289359045095,4,33.0,0.3353127104078268,2,67.0,0.6485650440871537,1,17.0,0.6727298894195011,16,326.0
3165.0,16,280.0,1.78343949044586,9.015143613468984,3,127.0,0.45853524267836393,1,1.0,0.46292728358082125,6,72.0,0.4118288537789422,0,16.0,0.46306624004497116,0,12.0,0.8209533784826419,0,0.0,0.8965473801899232,3,29.0,0.3406777281028684,2,85.0,0.5210432997491564,1,8.0,0.5170132942145916,16,350.0
3170.0,28,327.0,2.069620253164557,8.538196537945066,3,123.0,0.30631078534622624,2,6.0,3.222701997314176e-05,3,42.0,0.5093787637774665,5,30.0,0.4049443490975825,2,8.0,0.6534160386556013,0,0.0,1.0,4,39.0,0.2988458371204899,3,99.0,0.5510826815598493,4,52.0,0.38575490240366517,26,399.0
3175.0,29,392.0,2.481012658227848,8.438283226979356,5,146.0,0.3580756284982588,1,11.0,0.22231766588428956,1,19.0,0.6725250336358998,5,47.0,0.5454777262173844,3,21.0,0.5188311310157756,0,0.0,1.0,4,54.0,0.3654010055685084,3,86.0,0.33696266913559886,5,75.0,0.1539155476604084,27,459.0
3180.0,31,435.0,2.7531645569620253,8.259226986280865,5,171.0,0.46100522541464756,0,0.0,0.9444548977532317,2,13.0,0.6650409823715638,4,48.0,0.5884039262201707,5,47.0,0.3120614419363743,0,0.0,0.9703241612164215,3,41.0,0.388486341228673,6,109.0,0.2841043801236919,4,69.0,0.19527753781723872,29,498.0
3185.0,21,299.0,1.9415584415584415,7.763441007541611,6,118.0,0.2877143425016631,0,0.0,1.0,3,18.0,0.5167686349839072,3,30.0,0.363795174091131,1,16.0,0.4911291540247211,0,0.0,0.9289116305315981,1,21.0,0.5934161097552474,6,135.0,0.28053040026343073,0,43.0,0.6149949669310982,20,381.0
3190.0,36,349.0,2.2516129032258063,7.537973605377735,10,106.0,0.18825614201846522,0,0.0,1.0,4,22.0,0.4547776252826262,6,52.0,0.3645561212885662,1,3.0,0.6464678084307057,0,0.0,0.9540282726402253,2,27.0,0.5081092922068027,7,168.0,0.33542933021865734,0,0.0,0.9409324400192356,30,378.0
3195.0,38,467.0,2.9745222929936306,7.1631574790464905,11,158.0,0.16824578374584967,0,0.0,0.9173329108382084,1,24.0,0.5720747060575286,8,87.0,0.32221679565976247,1,8.0,0.34235965819651387,0,11.0,0.9594766254676224,5,53.0,0.2860584684805662,9,207.0,0.2168309477005386,0,0.0,0.9350417099886649,35,548.0
3200.0,34,518.0,3.3419354838709676,7.078905416544076,13,222.0,0.16351240221589,0,0.0,0.9536564505008607,1,19.0,0.7177691575539735,4,40.0,0.2408393546093891,2,18.0,0.467772455232654,0,0.0,1.0,5,68.0,0.2662392680120047,6,196.0,0.2911871932355623,0,44.0,0.7256390672724389,31,607.0
3205.0,30,525.0,3.343949044585987,7.6616636795513635,12,268.0,0.17086940462938913,0,0.0,0.6843241669250122,1,25.0,0.7403821720905044,2,19.0,0.42577277941198566,1,22.0,0.7253105992012614,0,0.0,0.9748631423147592,5,56.0,0.3339170487133646,4,182.0,0.27500673668634806,2,53.0,0.6456713495858907,27,625.0
3210.0,28,550.0,3.459119496855346,8.168277804092613,11,305.0,0.1965008027902553,1,3.0,0.5023848043460762,1,30.0,0.7460288258223213,2,19.0,0.6318811395388256,0,8.0,0.7377241174590469,0,0.0,1.0,4,43.0,0.2544095430641822,5,203.0,0.24631600389715533,3,65.0,0.43364569405885184,27,676.0
3215.0,35,688.0,4.273291925465839,8.448986620434829,12,342.0,0.16056116806712,1,8.0,0.6940818102786286,0,0.0,0.7150559056018632,2,25.0,0.7319530779051736,1,13.0,0.6650909667455775,0,0.0,1.0,5,104.0,0.37163289489733126,5,228.0,0.35103982760114927,6,89.0,0.28999675430352473,32,809.0
3220.0,35,654.0,4.037037037037037,8.742559109007445,12,402.0,0.1471612173906644,0,0.0,0.7964218104200378,1,5.0,0.7126554495322012,2,35.0,0.4488229624164326,4,25.0,0.5885289153786089,0,0.0,0.9857079902892981,6,131.0,0.4688779356255594,2,88.0,0.5526079883436315,3,24.0,0.5497069619520626,30,710.0
3225.0,33,643.0,4.121794871794871,7.78361557477062,12,466.0,0.1648645618630049,0,0.0,0.8447095796751742,1,14.0,0.43525131497212405,3,54.0,0.6180808640349142,5,40.0,0.4968478017208478,0,5.0,0.9994308956872817,2,71.0,0.4181878264399115,1,45.0,0.567624655513241,0,11.0,0.599013142614132,24,706.0
3230.0,31,635.0,4.07051282051282,7.765245338255999,13,523.0,0.1584284254221076,1,2.0,0.5002762231340051,2,23.0,0.5769260353440447,1,6.0,0.8240293571504069,0,4.0,0.3884280057875303,0,5.0,0.9216974094753415,1,38.0,0.5003604728807934,1,11.0,0.514020706584369,2,14.0,0.5861678831515543,21,626.0
3235.0,44,776.0,4.9743589743589745,7.907951876760671,14,589.0,0.12855044320327685,1,7.0,0.4913894956629827,1,10.0,0.6227788871931661,2,23.0,0.7108762996343404,4,18.0,0.3994228257644975,0,0.0,0.9812749976887948,3,48.0,0.43083941264116477,3,26.0,0.5450273462995289,3,23.0,0.5524429628573566,31,744.0
3240.0,38,793.0,5.018987341772152,7.546176957055963,16,666.0,0.02826603312670195,0,0.0,0.7583766262899588,0,4.0,0.7460275266173899,5,39.0,0.47779891743332753,4,38.0,0.4087731838766439,0,0.0,1.0,3,73.0,0.5387861426547036,4,44.0,0.5151118845005606,2,10.0,0.5553166613753405,34,874.0
3245.0,41,738.0,4.583850931677019,7.242420971793401,15,528.0,0.09910377695183724,1,1.0,0.49486407174966074,0,8.0,0.8739836772363082,7,72.0,0.32219884523232706,5,59.0,0.3983263068415248,0,0.0,1.0,1,26.0,0.37442818912103887,5,74.0,0.3769434533901326,1,7.0,0.6247533464202847,35,775.0
3250.0,34,374.0,2.3229813664596275,7.439387193114231,6,369.0,0.27505174558507267,1,6.0,0.4575770039830873,0,4.0,0.9238163777784092,7,56.0,0.35410967864241516,4,46.0,0.31752122314326886,0,9.0,0.9375537393922111,2,25.0,0.40033917076446823,6,104.0,0.34756569285431077,2,15.0,0.27120140371715656,28,634.0
3255.0,26,379.0,2.3540372670807455,8.313122380401259,6,211.0,0.320684538286897,1,11.0,0.44019413776567573,0,4.0,0.7924653968722318,0,37.0,0.6440290634097895,0,39.0,0.36147431022647736,0,9.0,0.9297904545212569,3,53.0,0.4388505912167055,8,138.0,0.29993306192222485,3,27.0,0.000979968407333381,21,529.0
3260.0,28,393.0,2.4716981132075473,8.76275464598039,6,174.0,0.2756814586193263,1,16.0,0.46449536066231606,0,4.0,0.8846396387928271,1,38.0,0.681816973767427,2,13.0,0.6770843244325511,0,8.0,0.8509965973463385,3,41.0,0.36074927092736075,8,112.0,0.23211956104752687,1,12.0,0.5230892780510893,22,418.0
3265.0,27,322.0,1.9754601226993864,8.659437923120779,10,164.0,0.24948030108180114,1,25.0,0.607635254561193,2,7.0,0.6195445561992171,1,43.0,0.762459000439212,3,23.0,0.5342321317916262,0,10.0,0.8898907455135266,3,56.0,0.272276286510251,2,71.0,0.3570392584800016,0,20.0,0.8416515627027273,22,419.0
3270.0,25,196.0,1.1951219512195121,7.804876060991022,9,153.0,0.13406726543210995,0,4.0,0.9226294361051102,4,22.0,0.5226164698337343,2,33.0,0.671098494615768,2,17.0,0.628444290291057,0,2.0,0.9644388380223312,3,68.0,0.136815424668019,2,37.0,0.4122753325352503,0,15.0,0.9062687508793491,22,351.0
3275.0,25,224.0,1.3742331288343559,7.878214271678018,11,120.0,0.12585062222863616,1,5.0,0.48334356567715986,3,21.0,0.4853233725205975,2,26.0,0.23476330853441285,0,12.0,0.7135518464147683,0,0.0,0.526363166758729,1,4.0,0.007923213984110323,3,39.0,0.4742011849479722,0,0.0,0.9354851853762565,21,227.0
3280.0,27,296.0,1.8159509202453987,8.433349349527209,11,159.0,0.07703727883060855,1,10.0,0.4611131272722756,1,15.0,0.6957264844370662,3,22.0,0.5391796002837768,1,9.0,0.6756674143524318,0,0.0,0.9135023313844152,0,38.0,0.6917065583800002,3,50.0,0.5751718962491039,0,9.0,0.7803441932622219,20,312.0
3285.0,28,372.0,2.2962962962962963,7.758943206526398,12,219.0,0.005035290723202372,1,15.0,0.4991532882363222,1,18.0,0.8182651685355123,1,11.0,0.7745165014327878,2,19.0,0.5656059871871802,0,9.0,0.9698760898094401,0,36.0,0.766145908125531,3,45.0,0.4481681424703505,1,14.0,0.7663525722669404,21,386.0
3290.0,36,486.0,2.9454545454545453,7.347072499975126,13,288.0,0.06744882005003248,0,0.0,0.9447784205382188,1,15.0,0.8488067116775309,3,22.0,0.3821759843225697,3,19.0,0.46924470405322155,0,9.0,0.9023440713383462,1,51.0,0.6599564971426907,4,40.0,0.3212413275521263,1,23.0,0.6561543728104207,26,467.0
3295.0,40,521.0,3.1197604790419162,7.0268288447983585,9,233.0,0.14918608156935068,0,0.0,0.7509475502409869,1,2.0,0.5595422176964575,5,45.0,0.3631078225255482,2,25.0,0.3641145285917047,0,0.0,1.0,1,21.0,0.5163458354823028,6,68.0,0.3064684579479812,3,28.0,0.4841993572655461,27,422.0
3300.0,38,487.0,2.9515151515151516,6.937328299676485,4,152.0,0.24712567292781049,1,3.0,0.6126876588358218,3,15.0,0.4714803066929217,2,25.0,0.5644443129949968,4,38.0,0.2859164475018399,0,0.0,1.0,2,24.0,0.435014874027779,7,100.0,0.26502511644357823,3,16.0,0.47835578026175163,26,373.0
3305.0,30,361.0,2.1488095238095237,7.890712824783678,5,163.0,0.42692219120000025,2,8.0,0.4565292819740403,3,30.0,0.36624791261196044,0,7.0,0.7728618240901989,6,63.0,0.13932906857145408,0,9.0,0.9511036618017908,2,60.0,0.5178569899066734,4,60.0,0.388688496600098,2,18.0,0.49690893148072507,24,418.0
3310.0,28,453.0,2.7289156626506026,8.152226309161904,5,219.0,0.40879699153144905,0,0.0,0.8150906224565982,3,45.0,0.5433654402384179,1,12.0,0.6638496128718621,6,97.0,0.2702454070667041,0,6.0,0.9672290815192527,3,128.0,0.4548431019443336,6,92.0,0.4191272266235482,4,27.0,0.18091976793414113,28,626.0
3315.0,29,436.0,2.658536585365854,7.951368043625767,7,196.0,0.19396443168485866,0,0.0,0.9495039392323025,1,18.0,0.6902057026521893,3,31.0,0.5683057012898094,3,73.0,0.43870646653725126,0,4.0,0.9771937665879703,2,114.0,0.4221414349104726,7,120.0,0.4625014074729288,5,54.0,0.26388950970087033,28,610.0
3320.0,30,303.0,1.8363636363636364,8.368753256922133,6,179.0,0.13304295849175088,1,1.0,0.3423481744361339,1,2.0,0.47562781817957894,3,41.0,0.6411730338471852,0,47.0,0.740668928530336,0,0.0,0.8752537140410402,3,150.0,0.6131706818294679,7,155.0,0.43461993664671245,5,83.0,0.2606506393992288,26,658.0
3325.0,31,269.0,1.6402439024390243,7.316142101169592,3,89.0,0.3023646929005538,2,10.0,8.711942829120821e-06,1,11.0,0.6174012956027536,3,25.0,0.583209218619805,0,8.0,0.7352371234245149,0,0.0,0.8913421257555574,3,189.0,0.45298182243132706,8,119.0,0.13823049799730905,2,39.0,0.5554378978460032,22,490.0
3330.0,31,244.0,1.4698795180722892,7.966893695158244,3,90.0,0.5716413732157503,1,9.0,0.0,1,12.0,0.4825853242410588,4,19.0,0.39159934071486563,2,17.0,0.614421679302164,0,0.0,0.9288528261273885,5,228.0,0.36149167396833043,3,70.0,0.44379284864423546,0,4.0,0.8425477597383146,19,449.0
3335.0,27,198.0,1.1927710843373494,7.739345233851243,2,55.0,0.40570888016936946,0,0.0,1.0,0,0.0,0.8651591298723323,6,47.0,0.32643788149346825,1,9.0,0.6534365302707302,0,20.0,0.7434451016544621,5,135.0,0.15725402130927793,2,64.0,0.6264555040774551,1,5.0,0.6180950387712087,17,335.0
3340.0,31,284.0,1.7005988023952097,8.936181060429963,4,76.0,0.40566659038145053,0,0.0,1.0,0,0.0,0.9123446442066145,7,82.0,0.3236268043743266,1,9.0,0.7809380776486073,0,20.0,0.8767760342708386,3,159.0,0.3185591389094768,3,78.0,0.6185865760317313,2,28.0,0.6723504351453385,20,452.0
3345.0,26,263.0,1.6335403726708075,8.677918604607532,5,103.0,0.3144105016013174,0,0.0,0.9782716962841788,1,5.0,0.8194345446646737,3,26.0,0.5407495811371776,3,16.0,0.6192972481328783,0,0.0,1.0,3,134.0,0.4753485889845566,6,99.0,0.24164815957173089,1,44.0,0.6966773440977135,22,427.0
3350.0,29,364.0,2.233128834355828,8.904945815157715,7,131.0,0.23015831198006828,0,0.0,0.9647413920145336,1,10.0,0.8540720485755459,1,7.0,0.6592477410913787,3,36.0,0.6159683632719891,0,0.0,0.9897735031292239,4,113.0,0.45096408295071533,9,141.0,0.24927695712950337,0,56.0,0.6175143491598052,25,494.0
3355.0,30,436.0,2.6424242424242426,8.402966577026444,8,145.0,0.23531651212353966,0,0.0,0.9777001080421968,1,10.0,0.8569237964795198,1,9.0,0.4401288287198383,4,52.0,0.5247971528968384,0,0.0,0.6236736128937148,2,111.0,0.3300424129047605,9,186.0,0.2205130303942592,1,34.0,0.7271564241545885,26,547.0
3360.0,29,430.0,2.606060606060606,8.280676343558692,5,149.0,0.220137843388,0,0.0,0.9319616808649431,0,4.0,0.9242825028999717,3,24.0,0.48698846916270155,2,26.0,0.17455023178998696,0,0.0,0.8027024051116521,4,145.0,0.34989163400085227,11,234.0,0.2548783963216636,1,15.0,0.7557569331021717,26,597.0
3365.0,31,502.0,3.079754601226994,7.691601210085332,7,127.0,0.30253190662617685,0,0.0,0.9663394926551364,0,4.0,0.9415323642702162,3,39.0,0.5853194874224058,2,15.0,0.14385957269274532,0,0.0,0.7481445478120538,4,163.0,0.3150405370111507,9,240.0,0.26690319469415846,1,14.0,0.7730694745057195,26,602.0
3370.0,28,491.0,2.9939024390243905,8.508452459226175,8,170.0,0.2591091515333739,0,0.0,0.9323797460257968,0,4.0,0.9181356521289789,0,4.0,0.6585141960516269,4,33.0,0.10612642857688356,0,0.0,0.9168630233244859,4,164.0,0.2744738941334218,8,239.0,0.3180603659303396,1,19.0,0.48146641884761976,25,633.0
3375.0,31,567.0,3.4156626506024095,8.481514851954797,8,181.0,0.3109644604987736,0,0.0,0.946331766322799,1,9.0,0.6153172429069386,2,11.0,0.5606017051454667,4,61.0,0.4385411981412359,0,0.0,0.8175098453927683,6,186.0,0.39801877900399324,8,279.0,0.2411081117428638,0,0.0,0.72102959795476,29,727.0
3380.0,31,597.0,3.618181818181818,7.955987913540414,6,203.0,0.3935528161662813,0,0.0,0.9207771581900192,1,11.0,0.6651744456956059,5,36.0,0.2466480384396828,1,27.0,0.8141260170742954,0,0.0,0.9854247099508164,6,137.0,0.1727892768087584,9,318.0,0.17187820467662554,0,0.0,0.8559617820707807,28,732.0
3385.0,25,512.0,3.1411042944785277,8.50475846854986,8,228.0,0.2684663079509926,0,0.0,0.9621541299735105,1,7.0,0.6611815065883765,5,61.0,0.34278148803953573,0,12.0,0.8719583104883547,0,0.0,0.7713649608442464,2,103.0,0.31859703975592646,9,233.0,0.09322496509478725,0,0.0,0.8989259074119751,25,644.0
3390.0,23,356.0,2.144578313253012,8.659400534585842,10,275.0,0.11276479279724023,0,0.0,0.9160310969407229,2,21.0,0.43759592797607627,0,13.0,0.7469597515783458,0,8.0,0.31431249790173166,0,0.0,0.9556980044144774,3,85.0,0.4129580042746949,5,168.0,0.3588849149679051,0,11.0,0.8916681905710889,20,581.0
3395.0,34,429.0,2.6158536585365852,9.012617123072054,10,255.0,0.14980772582689236,0,0.0,0.8515220938773801,5,45.0,0.38549098706329205,1,12.0,0.7683708885362122,2,22.0,0.586162955775585,0,6.0,0.9303711324754842,4,61.0,0.428701572739868,4,101.0,0.5557220024836025,1,18.0,0.6964337477583502,27,520.0
3400.0,33,395.0,2.423312883435583,8.517844581822564,8,246.0,0.30644815447807133,1,3.0,0.7547301953758201,2,27.0,0.5695514387782886,3,22.0,0.5879215938260387,2,32.0,0.6983903189401383,0,0.0,0.9707125158026437,5,71.0,0.2740858324427492,4,82.0,0.5021039941264117,1,16.0,0.732275575453401,26,499.0
3405.0,29,427.0,2.6036585365853657,8.20977934990373,9,190.0,0.21026010235305825,1,8.0,0.4909746738653342,1,38.0,0.6553736890115427,3,34.0,0.5049460936352271,0,4.0,0.7780341628799835,0,4.0,0.9710694896196601,2,42.0,0.46927502542646754,5,104.0,0.44291360898051035,1,16.0,0.6248244237886852,22,440.0
3410.0,28,338.0,2.036144578313253,8.09236073985869,12,244.0,0.23111951047939952,1,3.0,0.6439739018549544,1,32.0,0.7233109640413382,4,22.0,0.4065789841937853,1,6.0,0.6731762603688725,0,33.0,0.7497125508820894,1,8.0,0.5829320692640517,2,32.0,0.44331870231381504,3,47.0,0.5373881085144033,25,427.0
3415.0,26,355.0,2.088235294117647,8.229226166422883,10,261.0,0.11205443852233049,0,0.0,0.9568077490478188,1,26.0,0.802869254703217,3,22.0,0.4519478420386054,3,21.0,0.5375449672379444,0,8.0,0.9293276924382621,2,16.0,0.38373682649386087,2,13.0,0.4004704225882415,3,66.0,0.5545902276576834,24,433.0
3420.0,33,466.0,2.7738095238095237,8.354595371463617,8,300.0,0.19417330892971935,0,0.0,0.9393733570805418,1,31.0,0.8504236079354403,5,36.0,0.2568112687678863,4,52.0,0.4954362065152348,0,15.0,0.8525403928729542,4,31.0,0.2853575383598934,5,28.0,0.1819082144013414,4,64.0,0.4815359417595649,31,557.0
3425.0,34,496.0,3.006060606060606,8.186502361137201,8,319.0,0.06426957166129683,0,0.0,0.7592463400844255,0,4.0,0.7555911833531239,6,62.0,0.40958720541211446,5,58.0,0.5791822077488764,0,4.0,0.9663680009364316,3,18.0,0.5138377298700284,5,53.0,0.260418148985283,3,12.0,0.3897808052815415,30,530.0
3430.0,30,519.0,3.1077844311377247,7.933589253617299,9,364.0,0.17912410762685055,0,0.0,0.8310657230012152,1,5.0,0.7968124511013249,4,63.0,0.34369584576704404,3,43.0,0.36888445971573497,0,2.0,0.9879509622211815,3,23.0,0.2857680133321595,3,50.0,0.4209040664524687,3,10.0,0.22629398847855084,26,560.0
3435.0,30,537.0,3.274390243902439,8.17071670177561,8,344.0,0.14527445522282753,0,0.0,0.7838471340929748,1,14.0,0.7380871534418504,4,64.0,0.4435375106882607,3,42.0,0.3212040282459423,0,4.0,0.9443346594880242,5,57.0,0.2410963120567735,2,50.0,0.5078519430007139,3,29.0,0.3593783615433696,26,604.0
3440.0,32,375.0,2.314814814814815,8.233302621172232,5,319.0,0.16386011161641376,1,2.0,0.6929878555839827,1,15.0,0.5300213656887844,3,45.0,0.5629580113105335,4,53.0,0.4327483063347647,0,0.0,0.9452042521595433,6,86.0,0.23577411043800822,4,63.0,0.30482272230051216,3,37.0,0.4591596467470218,27,620.0
3445.0,32,362.0,2.2767295597484276,8.130877964583243,3,174.0,0.5315150336088372,2,10.0,0.5562623707968766,1,1.0,0.6106615039040298,6,64.0,0.5377480587857452,4,62.0,0.4554927564260453,0,0.0,0.9360820438298367,4,96.0,0.4209442641041913,3,74.0,0.3340929075405879,2,19.0,0.39183888223166036,25,500.0
3450.0,20,161.0,0.9757575757575757,8.053809417809505,3,93.0,0.46526076934028765,0,4.0,0.9519109882682573,0,0.0,0.9100296985574726,6,45.0,0.4798604912384773,2,14.0,0.4732947308198793,0,1.0,0.9284786645580958,1,77.0,0.29554237062408095,2,14.0,0.4773440712363559,1,7.0,0.5782736034753868,15,255.0
3455.0,25,197.0,1.1796407185628743,8.23557780762711,4,90.0,0.43282398496463476,0,4.0,0.9445096090983235,0,8.0,0.8984026483998422,7,48.0,0.3752320947422891,4,26.0,0.3051432383633561,0,1.0,0.9104336561634033,3,83.0,0.4842128717023534,1,10.0,0.6873649414968805,1,11.0,0.7156640951634411,20,281.0
3460.0,36,337.0,2.0179640718562872,8.333631234598917,6,115.0,0.24288785476442118,0,4.0,0.9457219513208128,0,4.0,0.9357758362303222,9,77.0,0.2811902154686927,7,54.0,0.32574143913352427,0,9.0,0.8584829452023895,4,103.0,0.4393953999045534,2,19.0,0.6878561662088261,1,16.0,0.6741641902796515,29,401.0
3465.0,44,498.0,3.0,8.101954618710378,10,158.0,0.22104937924232465,0,4.0,0.9697619971365837,0,4.0,0.9517761256614753,12,134.0,0.1471816237136238,7,90.0,0.3632796543511499,0,27.0,0.8581825582286206,4,116.0,0.36992223828732285,2,29.0,0.5315509377996174,0,4.0,0.9150733025537868,35,566.0
3470.0,42,533.0,3.25,7.576060484217833,11,212.0,0.20761797064842205,0,4.0,0.9229519988811855,0,4.0,0.8702738676604936,9,100.0,0.02253926362609812,7,92.0,0.23702347771127477,0,0.0,0.9851160433069707,5,106.0,0.3066952090371684,5,54.0,0.4235320844799773,1,3.0,0.7207240769154193,38,575.0
3475.0,33,411.0,2.5527950310559007,7.719886326119522,12,266.0,0.09300129242779959,0,4.0,0.8882859724045749,1,14.0,0.7181787424155449,2,40.0,0.44712335152898963,4,102.0,0.3507246532812284,0,15.0,0.9979496191175619,5,57.0,0.14708177080335397,5,35.0,0.4081291747458954,2,20.0,0.4672103439034297,31,553.0
3480.0,33,492.0,3.075,8.219826685421161,13,331.0,0.17868947100218427,0,0.0,1.0,2,20.0,0.743249198357457,3,30.0,0.5087431803576341,5,62.0,0.28357478785630974,0,15.0,0.9842055883368813,7,95.0,0.0542471987138648,1,21.0,0.4975299665302576,2,44.0,0.5445715385320687,33,618.0
3485.0,29,507.0,3.188679245283019,8.113345060431186,13,364.0,0.19734505463394605,0,0.0,1.0,2,15.0,0.6408504252680939,4,39.0,0.5621069568639061,5,70.0,0.42923491180643764,0,0.0,1.0,3,115.0,0.48049304223441897,1,16.0,0.5616706629402524,0,33.0,0.7898687187493364,28,652.0
3490.0,24,359.0,2.2160493827160495,8.836986652384718,11,386.0,0.1470164631401796,0,0.0,0.9450329682204254,1,7.0,0.581512105393234,3,20.0,0.6303676197125937,4,35.0,0.5981618370974549,0,0.0,0.9353060785167995,0,113.0,0.6460081167804784,1,5.0,0.6344254469403098,0,10.0,0.9048040413781211,20,576.0
3495.0,23,379.0,2.3395061728395063,8.670888117325152,9,380.0,0.20955373576817202,0,0.0,0.9441864088555779,2,14.0,0.5032342081207544,2,9.0,0.5391422581505503,0,20.0,0.7647517473786877,0,0.0,0.9669564003500282,2,106.0,0.38385012827679,1,9.0,0.509534743181073,1,5.0,0.6101249316594172,17,543.0
3500.0,36,526.0,3.226993865030675,7.928057464498652,11,348.0,0.2295561832502369,1,1.0,0.46511606971019637,2,32.0,0.5420534806851733,4,23.0,0.32951030059241476,1,13.0,0.5456187995328611,0,0.0,0.891265317413404,2,89.0,0.4686582615723352,3,23.0,0.5158287285442933,3,18.0,0.295105491087808,27,547.0
3505.0,39,563.0,3.4753086419753085,6.5716218115466845,9,373.0,0.2147282967433763,1,6.0,0.025642295885287488,2,23.0,0.36152816411228933,7,58.0,0.31460773121871694,5,31.0,0.29149753104646425,0,0.0,0.9925157017352445,5,50.0,0.06009811506738717,4,41.0,0.4349469748460084,1,2.0,0.7784466264303965,34,584.0
3510.0,36,568.0,3.4424242424242424,7.055639630332969,11,420.0,0.21466322713515354,2,14.0,0.000116386137303541,3,28.0,0.5005635146138758,3,44.0,0.4487910886123136,5,29.0,0.07862834999895543,0,0.0,0.7203046873972208,6,44.0,0.2620594197901791,4,68.0,0.4380380573507114,0,32.0,0.8955088871155519,34,679.0
3515.0,40,652.0,3.904191616766467,7.649294188924821,12,487.0,0.1377967113358723,1,8.0,0.0,5,48.0,0.42720565291441004,1,26.0,0.5589624875050272,5,44.0,0.1535882922512604,0,0.0,1.0,7,74.0,0.28654204126676064,3,49.0,0.5998639563463292,1,47.0,0.7325734617362982,35,783.0
3520.0,41,838.0,4.958579881656805,8.205300920529506,13,542.0,0.11013852853930042,0,0.0,1.0,5,73.0,0.47405705493868755,2,35.0,0.5912178019515331,5,67.0,0.35071278743892376,0,0.0,1.0,7,103.0,0.19710193414152943,2,55.0,0.6780911966768801,2,58.0,0.5525409571202942,36,933.0
3525.0,39,895.0,5.4573170731707314,7.772474105856346,13,591.0,0.1421384663007197,0,0.0,0.9701430645211704,3,59.0,0.6001099651189831,2,34.0,0.7156774552027327,5,96.0,0.38200887869117855,0,0.0,0.526070913726765,5,67.0,0.31336016294315017,3,61.0,0.5248037367450078,2,47.0,0.6569166935161121,33,955.0
3530.0,31,728.0,4.55,8.113644234578775,11,629.0,0.24119684026517413,0,0.0,0.9450159342689516,0,40.0,0.7731125551118695,4,35.0,0.509368255918224,3,53.0,0.55565074716049,0,0.0,0.9455435043567396,1,28.0,0.3958821638824201,4,74.0,0.36202364675120585,2,29.0,0.5664333887683772,25,888.0
3535.0,31,701.0,4.327160493827161,8.441250163027751,12,629.0,0.21878840698018395,0,0.0,0.956563495703383,0,16.0,0.7799016768043195,4,30.0,0.4903599922663798,0,34.0,0.7282739264427317,0,0.0,0.9460365184974722,3,55.0,0.19916569150496968,2,18.0,0.48792786420378287,3,26.0,0.4246629897845562,24,808.0
3540.0,34,798.0,4.956521739130435,8.664838580301028,13,670.0,0.15811524883105363,0,0.0,0.9730881131049702,2,17.0,0.7205316976390969,2,15.0,0.5320491067543847,2,15.0,0.6606247634213818,0,0.0,0.9306584436065922,3,52.0,0.3774821687956641,2,32.0,0.507712318820147,5,47.0,0.26559535832027936,29,848.0
3545.0,31,709.0,4.323170731707317,8.005441856173256,13,572.0,0.09367940183511607,0,0.0,0.018221713056388592,1,9.0,0.8266404204320411,4,15.0,0.06842224206111126,2,25.0,0.5082691645394789,0,0.0,0.9666685108722779,2,36.0,0.2928529425812339,2,36.0,0.41068022032926965,2,42.0,0.3762639685431419,26,735.0
3550.0,37,379.0,2.3987341772151898,8.027447104254202,8,484.0,0.0988994047330633,1,5.0,0.0,2,15.0,0.7194957167687549,6,39.0,0.13533778805450566,3,27.0,0.5890355211180676,0,0.0,1.0,7,62.0,0.14815636469512086,3,58.0,0.5882153327450719,0,27.0,0.5701090648396651,30,717.0
3555.0,25,274.0,1.8026315789473684,8.083919371743953,6,262.0,0.4441463546525833,0,0.0,0.9013825982548197,2,21.0,0.4694987184869357,1,21.0,0.6445475672721348,0,16.0,0.5362537684624137,0,0.0,1.0,7,97.0,0.2777938190483647,2,64.0,0.47853034589494525,2,32.0,0.38879886220588006,20,513.0
3560.0,30,400.0,2.6490066225165565,8.772905753181261,6,151.0,0.3932624030360979,0,0.0,0.9214611141501454,4,41.0,0.4279446644126017,0,4.0,0.949200241286773,1,16.0,0.5418752383429949,0,2.0,0.9921143519320405,7,132.0,0.28086464811352013,3,79.0,0.5472649826162085,4,50.0,0.42075658751688716,25,475.0
3565.0,27,375.0,2.4834437086092715,8.06557545298565,9,137.0,0.26993336053357425,0,0.0,0.9627357993146901,2,30.0,0.6823859908654244,0,4.0,0.9036205305707661,2,21.0,0.6184126375771566,0,0.0,0.9979268881627607,4,86.0,0.14470447442938342,3,86.0,0.3812211733640371,1,12.0,0.3286997320383878,21,376.0
3570.0,17,222.0,1.4322580645161291,8.789867473604668,8,138.0,0.17336758792228682,0,4.0,0.9235311145274394,0,15.0,0.6977489204478162,0,4.0,0.8372192760757218,0,4.0,0.8262365558156194,0,0.0,0.9619295403613931,1,51.0,0.556345689575484,4,106.0,0.31605084063375094,0,5.0,0.807615348850533,13,327.0
3575.0,22,310.0,2.039473684210526,8.36247497925338,8,145.0,0.24325248758678802,0,4.0,0.8930312696779329,1,9.0,0.7905400587667125,3,19.0,0.3872669051124657,1,6.0,0.5052424045275753,0,10.0,0.9604836909490133,2,26.0,0.5897309251465442,4,128.0,0.4395822316352044,0,9.0,0.8856818424837124,19,356.0
3580.0,23,303.0,1.9548387096774194,8.200943643518427,8,188.0,0.2757842890199334,0,4.0,0.9685786963286342,1,14.0,0.7271161002399192,6,42.0,0.36449799443104913,2,14.0,0.4562955772120999,0,27.0,0.9450142777236177,1,17.0,0.49811081799671986,2,40.0,0.5880712346967281,0,9.0,0.8163790334239025,20,355.0
3585.0,28,401.0,2.5705128205128207,7.665300295198318,9,231.0,0.26503775502499366,0,4.0,0.9111310407608506,1,7.0,0.7773646941556205,7,66.0,0.3180820093597466,3,27.0,0.34994867859159556,0,27.0,0.9541679120520732,2,26.0,0.3759289761638737,3,48.0,0.3514388781881436,0,13.0,0.8692931125324714,25,449.0
3590.0,32,486.0,3.1973684210526314,7.686744389733379,9,231.0,0.3641204689823471,0,4.0,0.8837228636330905,0,4.0,0.7411583885437029,10,112.0,0.21102739234388806,2,25.0,0.25045687458519295,0,1.0,0.9215782976069398,5,38.0,0.29066062802090203,4,66.0,0.518606023631494,0,8.0,0.7033869945728778,30,489.0
3595.0,32,427.0,2.772727272727273,7.216177067773167,8,234.0,0.21584903158876126,0,4.0,0.9234875622319165,1,13.0,0.7655219984720978,8,86.0,0.26587864990411575,0,10.0,0.15802623441812727,0,19.0,0.8384304394345148,5,56.0,0.015164725111440543,6,85.0,0.40569068644906175,1,13.0,0.6331415862158667,29,520.0
3600.0,33,497.0,3.2483660130718954,7.9984544472256065,9,228.0,0.27560633025120634,0,4.0,0.880351736687836,1,14.0,0.7894227402363705,1,24.0,0.7094711892886736,0,8.0,0.8706765761700995,0,1.0,0.933486843661697,7,89.0,0.06140932790855755,4,95.0,0.47393499092746644,1,10.0,0.466823205557329,23,473.0
